1501
10.13847 54.32255 0 0 0 Holstenstr. 12, 24103 Kiel
10.08696 54.29655 53 9 9 Seekoppelweg 20, 24113 Kiel
10.07955 54.28139 53 10 10 Mielkendorfer Weg 2, 24113 Molfsee
10.18254 54.30134 59 9 9 Tiroler Ring 289, 24147 Kiel
10.18286 54.41184 54 19 19 Palisadenweg 171, 24159 Kiel
10.12953 54.38448 55 13 13 Posener Str. 21, 24161 Altenholz
10.08903 54.35542 61 8 8 Schneiderkamp 17, 24107 Kiel
10.17936 54.30476 59 9 9 Radebrook 5, 24147 Kiel
10.14775 54.34713 54 6 6 Bismarckallee 23, 24105 Kiel
10.07049 54.29447 61 12 12 Damaschkeweg 52, 24113 Kiel
10.07524 54.30043 55 9 9 Rendsburger Landstr. 339, 24111 Kiel
10.06989 54.35207 55 12 12 Bauernfeld 44, 24107 Kiel
10.09669 54.3308 59 6 6 Hufenkamp 47, 24119 Kronshagen
10.02741 54.31457 56 10 10 Bahnhofstr. 2, 24109 Melsdorf
10.09105 54.35249 57 10 10 Steekberg 1, 24107 Kiel
10.13399 54.31778 55 1 1 Auguste-Viktoria-Str. 2, 24103 Kiel
10.17242 54.32018 59 8 8 Klausdorfer Weg 63, 24148 Kiel
10.10327 54.309 52 5 5 Saarbrückenstr. 154, 24113 Kiel
10.13253 54.33541 62 3 3 Waitzstr. 58, 24105 Kiel
10.18166 54.3248 59 10 10 Wischhofstr. 68, 24148 Kiel
10.18222 54.33103 57 11 11 Heikendorfer Weg 42, 24149 Kiel
10.12198 54.32431 53 3 3 Eckernförder Str. 34, 24116 Kiel
10.11669 54.40503 52 16 16 Wiesengrund 33, 24161 Altenholz
10.13711 54.34131 61 5 5 Esmarchstr. 29, 24105 Kiel
10.21098 54.32614 62 12 12 Trenntrader Weg 3, 24149 Kiel
10.03305 54.31451 59 9 9 Schmiedekoppel 9, 24109 Melsdorf
10.13749 54.37193 52 11 11 Richthofenstr. 36, 24159 Kiel
10.13289 54.35439 61 7 7 Danckwerthstr. 3, 24106 Kiel
10.10171 54.31299 53 7 7 Mühlendamm 3, 24113 Kiel
10.21593 54.32817 64 13 13 Am Mondspiegel 10, 24149 Kiel
10.12938 54.33421 60 3 3 Knooper Weg 140, 24118 Kiel
10.06039 54.31633 59 9 9 Mettenhofer Weg 6, 24109 Kiel
10.16699 54.31787 54 8 8 Franziusallee 33, 24148 Kiel
10.13697 54.35866 52 9 9 Weimarer Str. 8, 24106 Kiel
10.09491 54.34993 56 8 8 Klausbrooker Weg 7, 24107 Kiel
10.10396 54.30996 59 6 6 Mettlachstr. 4, 24114 Kiel
10.12524 54.30663 62 3 3 Alte Lübecker Chaussee 13, 24114 Kiel
10.11075 54.29523 52 8 8 Brüggerfelde 8, 24113 Kiel
10.17037 54.40266 59 15 15 Koppelberg 10, 24159 Kiel
10.14881 54.26416 62 9 9 Steindamm 134, 24145 Kiel
10.14721 54.37538 61 13 13 Eekbrook 15, 24159 Kiel
10.16726 54.31506 57 7 7 Ostring 318, 24148 Kiel
10.11571 54.31401 53 4 4 Dubenhorst 2, 24114 Kiel
10.13112 54.36282 52 8 8 Glücksburger Str. 1, 24106 Kiel
10.07015 54.26681 52 12 12 Stuthagen 14, 24113 Molfsee
10.17677 54.2919 62 9 9 Elmschenhagener Allee 1, 24146 Kiel
10.20498 54.28839 59 13 13 Werdenfelser Str. 7, 24146 Kiel
10.08956 54.31974 53 7 7 Hofholzallee 20, 24109 Kiel
10.11833 54.32652 55 3 3 Metzstr. 3, 24116 Kiel
10.15387 54.40229 62 16 16 Friedrichsruher Weg 233, 24159 Kiel
10.11789 54.40593 55 16 16 Moorredder 27, 24161 Altenholz
10.15989 54.39606 60 15 15 Brahmsweg 15, 24159 Kiel
10.13102 54.31877 53 1 1 Hopfenstr. 67, 24103 Kiel
10.13007 54.33746 52 3 3 Olshausenstr. 10, 24118 Kiel
10.01941 54.34183 59 14 14 Plattenberg 17, 24107 Quarnbek
10.07295 54.27846 59 12 12 Barstenkamp 28, 24113 Molfsee
10.11567 54.3194 52 4 4 Paul-Fleming-Str. 6, 24114 Kiel
10.17497 54.39115 57 16 16 Christianspries 7, 24159 Kiel
10.03064 54.31794 61 10 10 Dorfstr. 9, 24109 Melsdorf
10.08559 54.35324 59 9 9 Klinkerwisch 51, 24107 Kiel
10.15362 54.25719 54 10 10 Zum Schlüsbeker Moor 54, 24145 Kiel
10.12138 54.3345 52 3 3 Groß-Kielstein 1, 24118 Kiel
10.01761 54.31522 56 11 11 Dorfstr. 73, 24109 Melsdorf
10.12487 54.37552 55 12 12 Am Jägersberg 11, 24161 Altenholz
10.17413 54.30852 52 9 9 Tröndelweg 35, 24148 Kiel
10.08287 54.33327 61 7 7 Wendenstr. 16, 24119 Kronshagen
10.08024 54.30586 52 11 11 Britzweg 1, 24111 Kiel
10.12938 54.3472 58 5 5 Eduard-Adler-Str. 10, 24106 Kiel
10.07277 54.27332 52 12 12 Am Museum 13, 24113 Molfsee
10.12887 54.4067 62 16 16 Alter Kieler Weg 1, 24161 Altenholz
10.12984 54.33508 58 3 3 Knooper Weg 141, 24118 Kiel
10.05048 54.31986 59 10 10 Skandinaviendamm 301, 24109 Kiel
10.11182 54.29681 58 7 7 Hagebuttenstr. 4, 24113 Kiel
10.08638 54.35299 52 9 9 Klinkerwisch 75, 24107 Kiel
10.07758 54.28177 62 10 10 Mielkendorfer Weg 1, 24113 Molfsee
10.01941 54.34183 52 14 14 Plattenberg 17, 24107 Quarnbek
10.09698 54.34172 52 7 7 Möllerstr. 14, 24119 Kronshagen
10.03152 54.31509 52 10 10 Schmiedekoppel 7, 24109 Melsdorf
10.07835 54.35407 60 11 11 Nienbrügger Weg 47, 24107 Kiel
10.12753 54.35325 52 7 7 Husumer Weg 2, 24106 Kiel
10.06662 54.27737 64 12 12 Osterberg 16, 24113 Molfsee
10.10199 54.34121 64 6 6 Eckernförder Str. 261, 24119 Kronshagen
10.07171 54.36411 58 12 12 Alte Chaussee 22, 24107 Kiel
10.07341 54.32761 57 9 9 Hofbrook 58, 24119 Kronshagen
10.1045 54.34748 59 7 7 Olshausenstr. 79, 24106 Kiel
10.13496 54.28806 52 6 6 Poppenbrügger Weg 2, 24145 Kiel
10.03273 54.32234 57 11 11 Kählenweg 11, 24109 Melsdorf
10.07126 54.36119 53 13 13 Pellwormer Weg 55, 24107 Kiel
10.08344 54.35438 58 9 9 Nienbrügger Weg 23, 24107 Kiel
10.18028 54.32567 62 9 9 Wischhofstr. 59, 24148 Kiel
10.09608 54.34762 59 7 7 Vulkanweg 2, 24119 Kronshagen
10.16288 54.30831 57 9 9 Poppenrade 53, 24148 Kiel
10.08486 54.3616 55 11 11 Sukoring 61, 24107 Kiel
10.07276 54.32716 64 9 9 Platanenring 45, 24119 Kronshagen
10.10896 54.3504 59 8 8 Bremerskamp 55, 24106 Kiel
10.08344 54.30065 61 9 9 Bruxer Weg 1, 24111 Kiel
10.07101 54.29276 52 13 13 Wiepenkrog 54, 24113 Kiel
10.12236 54.3065 63 3 3 Hamburger Chaussee 31, 24113 Kiel
10.12804 54.3841 64 13 13 Posener Str. 39, 24161 Altenholz
10.07295 54.27846 56 12 12 Barstenkamp 28, 24113 Molfsee
10.14894 54.31135 61 6 6 Stoschstr. 1, 24143 Kiel
10.15975 54.39892 53 18 18 Wilhelm-Lobsien-Weg 10, 24159 Kiel
10.17605 54.26903 53 12 12 Götenhof 1, 24145 Kiel
10.08065 54.33638 58 9 9 Holländerey 12, 24119 Kronshagen
10.16821 54.30038 56 8 8 Großer Kamp 63, 24147 Kiel
10.11011 54.29235 62 7 7 Petersburger Weg 101, 24113 Kiel
10.1706 54.32297 53 9 9 Havemeisterstr. 6, 24148 Kiel
10.06666 54.3067 53 11 11 Klosterkamp 12, 24111 Kiel
10.1219 54.40185 54 15 15 Linden-Allee 40, 24161 Altenholz
10.11982 54.35488 59 9 9 Projensdorfer Str. 142, 24106 Kiel
10.17835 54.41406 59 19 19 Rudergang 40, 24159 Kiel
10.18286 54.41184 65 19 19 Palisadenweg 171, 24159 Kiel
10.16511 54.30163 61 7 7 Kreuzkamp 9, 24147 Kiel
10.12782 54.31454 60 2 2 Hopfenstr. 2, 24114 Kiel
10.14377 54.32711 61 2 2 Schlossgarten 14, 24103 Kiel
10.12685 54.30037 55 5 5 Spolertstr. 7, 24113 Kiel
10.08271 54.28296 59 10 10 Waldblick 15, 24113 Molfsee
10.09004 54.35604 65 9 9 Schneiderkamp 22, 24107 Kiel
10.12864 54.31249 60 2 2 Sophienblatt 33, 24114 Kiel
10.08301 54.36193 52 11 11 Wippen 1, 24107 Kiel
10.1305 54.37101 56 11 11 Gravensteiner Str. 99, 24159 Kiel
10.17017 54.31386 64 8 8 Lütjenburger Str. 7, 24148 Kiel
10.15884 54.39565 52 15 15 Beethovenweg 9, 24159 Kiel
10.08172 54.30569 54 13 13 Wilmersdorfer Str. 113, 24111 Kiel
10.17156 54.41943 55 17 17 Langenfelde 83, 24159 Kiel
10.04834 54.32783 52 12 12 Turkuring 19, 24109 Kiel
10.19123 54.29122 54 10 10 Marienbader Str. 38, 24146 Kiel
10.17634 54.32713 59 10 10 Brückenstr. 8, 24148 Kiel
10.169 54.32309 57 9 9 Schönberger Str. 155, 24148 Kiel
10.17497 54.32776 52 10 10 Brückenstr. 22, 24148 Kiel
10.05348 54.3324 65 12 12 Lofotenweg 58, 24109 Kiel
10.17557 54.39552 53 17 17 Brauner Berg 2, 24159 Kiel
10.12483 54.40353 53 16 16 Eichenweg 5, 24161 Altenholz
10.14484 54.28341 56 9 9 Hopfenlandsberg 50, 24145 Kiel
10.14207 54.30482 56 5 5 Hofstr. 34, 24143 Kiel
10.13922 54.34705 61 5 5 Feldstr. 172, 24105 Kiel
10.14425 54.35998 62 9 9 Dresdener Str. 71, 24106 Kiel
10.06982 54.30342 52 13 13 Am Blöcken 75, 24111 Kiel
10.13168 54.38643 52 13 13 Ostpreußenplatz 10, 24161 Altenholz
10.09341 54.29189 63 7 7 Hammerbusch 51, 24113 Kiel
10.14387 54.36462 63 10 10 Maklerstr. 17, 24159 Kiel
10.13591 54.34148 55 5 5 Esmarchstr. 58, 24105 Kiel
10.10201 54.37739 64 15 15 Knooper Dorfstr. 2, 24161 Altenholz
10.11615 54.27381 63 10 10 Bokseer Weg 2, 24145 Kiel
10.13549 54.34488 55 5 5 Blücherstr. 24, 24105 Kiel
10.06964 54.36048 59 11 11 Nordseestr. 21, 24107 Kiel
10.06196 54.26295 60 13 13 Möwenstr. 1, 24113 Molfsee
10.14233 54.34143 59 5 5 Esmarchstr. 3, 24105 Kiel
10.13694 54.38553 54 11 11 Dänischenhagener Str. 12, 24161 Altenholz
10.17499 54.42232 55 19 19 Möwenweg 3, 24159 Kiel
10.12365 54.39566 54 14 14 Klintenberg 3, 24161 Altenholz
10.19392 54.27968 52 13 13 Fliederweg 8, 24146 Kiel
10.13663 54.35761 54 8 8 Heiligendammer Str. 15, 24106 Kiel
10.02932 54.31468 64 10 10 Am Dörpsdiek 61, 24109 Melsdorf
10.16806 54.32287 65 8 8 Schönberger Str. 161, 24148 Kiel
10.0789 54.33422 62 9 9 Am Holm 1, 24119 Kronshagen
10.16494 54.31037 53 8 8 De Twiel 2, 24148 Kiel
10.13023 54.38408 63 13 13 Posener Str. 9, 24161 Altenholz
10.16533 54.32365 54 9 9 Julienstr. 11, 24148 Kiel
10.13498 54.39156 55 13 13 Rote Kate 8, 24161 Altenholz
10.13438 54.29026 59 6 6 Kniestr. 21, 24145 Kiel
10.11349 54.31404 59 4 4 Brunsrade 8, 24114 Kiel
10.1149 54.31606 61 3 3 Lutherstr. 30, 24114 Kiel
10.07778 54.28667 53 12 12 Dorfstede 44, 24113 Molfsee
10.19756 54.27662 59 15 15 Rohrsängerweg 25, 24146 Kiel
10.08667 54.28473 57 9 9 Wiesenweg 2, 24113 Molfsee
10.13701 54.32305 63 1 1 Kehdenstr. 15, 24103 Kiel
10.13235 54.28712 58 7 7 Kieler Weg 166, 24145 Kiel
10.15075 54.31343 56 6 6 Kaiserstr. 17, 24143 Kiel
10.21683 54.32045 64 13 13 Oppendorfer Weg 66, 24149 Kiel
10.12688 54.34995 58 6 6 Projensdorfer Str. 51, 24106 Kiel
10.07409 54.27245 59 10 10 Hamburger Landstr. 108, 24113 Molfsee
10.0904 54.32961 64 6 6 Kieler Str. 22, 24119 Kronshagen
10.12305 54.3256 62 3 3 Goethestr. 2, 24116 Kiel
10.13377 54.40056 53 15 15 Aukamp 17, 24161 Altenholz
10.12799 54.33698 53 4 4 Franckestr. 21, 24118 Kiel
10.11285 54.27938 52 10 10 Hortensienstrauch 1, 24145 Kiel
10.0699 54.26579 54 12 12 Kolberg 1, 24113 Molfsee
10.1563 54.40317 64 16 16 Dorf 19, 24159 Kiel
10.16909 54.39902 61 16 16 Friedrichsorter Str. 33, 24159 Kiel
10.18627 54.29671 57 10 10 Tiroler Ring 591, 24147 Kiel
10.12612 54.30923 59 2 2 Sophienblatt 73, 24114 Kiel
10.07898 54.35214 57 10 10 Holmredder 21, 24107 Kiel
10.17607 54.32661 53 9 9 Sohststr. 4, 24148 Kiel
10.12621 54.40139 64 15 15 Linden-Allee 128, 24161 Altenholz
10.18864 54.34131 64 12 12 Langer Rehm 95, 24149 Kiel
10.09316 54.34899 63 7 7 Eckernförder Str. 334, 24107 Kiel
10.10676 54.37467 54 14 14 Knooper Landstr. 17, 24161 Altenholz
10.14309 54.2806 56 9 9 Quersack 5, 24145 Kiel
10.16477 54.40073 59 17 17 Mensingstr. 2, 24159 Kiel
10.11862 54.32752 59 3 3 Eckernförder Str. 83, 24116 Kiel
10.13878 54.34005 64 4 4 Clausewitzstr. 2, 24105 Kiel
10.15173 54.33511 62 3 3 Düsternbrooker Weg 80, 24105 Kiel
10.20041 54.28613 61 12 12 Sonthofener Str. 23, 24146 Kiel
10.06136 54.26193 55 13 13 Möwenstr. 11, 24113 Molfsee
10.16889 54.39683 56 16 16 Gudegastkoppel 7, 24159 Kiel
10.16192 54.28262 59 10 10 Edisonstr. 62, 24145 Kiel
10.18789 54.33755 62 12 12 Wissmannstr. 2, 24149 Kiel
10.13107 54.2866 55 6 6 Kieler Weg 160, 24145 Kiel
10.18726 54.28301 63 11 11 Am Wellsee 42, 24146 Kiel
10.14304 54.3072 60 4 4 Preetzer Str. 18, 24143 Kiel
10.16443 54.31702 54 7 7 Prinzenstr. 20, 24148 Kiel
10.18898 54.29528 55 9 9 Troppauer Str. 3, 24146 Kiel
10.00621 54.34404 54 16 16 Schmiedeberg 1, 24107 Quarnbek
10.15488 54.33537 63 4 4 Kiellinie 100, 24105 Kiel
10.07702 54.33445 60 9 9 Zu den Eichen 13, 24119 Kronshagen
10.14427 54.27224 52 8 8 Steindamm 54, 24145 Kiel
10.13658 54.38674 57 12 12 Allensteiner Weg 6, 24161 Altenholz
10.17343 54.29463 62 8 8 Schlehenkamp 1, 24146 Kiel
10.07851 54.36445 63 12 12 Hiddenseer Weg 10, 24107 Kiel
10.18182 54.29683 62 9 9 Tiroler Ring 26, 24147 Kiel
10.06222 54.26011 64 13 13 Hamburger Chaussee 4, 24113 Molfsee
10.13347 54.3045 64 5 5 Oldesloer Str. 1, 24143 Kiel
10.08832 54.35356 58 9 9 Eckernförder Str. 375, 24107 Kiel
10.04721 54.31157 63 11 11 Kopenhagener Allee 1, 24109 Kiel
10.16722 54.41806 65 18 18 Auf der Wurth 2, 24159 Kiel
10.05703 54.26921 53 14 14 Poggenkrugsweg 2, 24113 Molfsee
10.17101 54.4124 59 19 19 Seehundweg 22, 24159 Kiel
10.12776 54.40611 54 16 16 Ahornallee 24, 24161 Altenholz
10.18033 54.32608 60 10 10 Am Seefischmarkt 11, 24148 Kiel
10.18318 54.33911 59 13 13 Hermannstr. 70, 24149 Kiel
10.1413 54.3751 61 13 13 Westenhofstr. 1, 24159 Kiel
10.13079 54.35538 53 6 6 Holtenauer Str. 299, 24106 Kiel
10.11182 54.29681 62 7 7 Hagebuttenstr. 4, 24113 Kiel
10.14425 54.31502 56 7 7 Augustenstr. 15, 24143 Kiel
10.06434 54.26423 59 12 12 Schulstr. 4, 24113 Molfsee
10.08423 54.34752 61 10 10 Holmredder 166, 24107 Kiel
10.07077 54.31524 54 8 8 Martenshofweg 68, 24109 Kiel
10.10919 54.36224 59 9 9 Projensdorfer Str. 231, 24106 Kiel
10.13122 54.28144 62 8 8 Justdiek 4, 24145 Kiel
10.09916 54.34345 59 6 6 Eckernförder Str. 301, 24119 Kronshagen
9.98911 54.34473 54 17 17 Treidelweg 1, 24107 Quarnbek
10.13452 54.30401 64 5 5 Oldesloer Str. 5, 24143 Kiel
10.16602 54.32363 52 9 9 Minnastr. 20, 24148 Kiel
10.15219 54.27498 52 8 8 Edisonstr. 9, 24145 Kiel
10.19173 54.33594 54 11 11 Johannisburger Str. 8, 24149 Kiel
9.98971 54.3442 56 17 17 Am Fährberg 30, 24107 Quarnbek
10.11729 54.32053 54 3 3 Zastrowstr. 28, 24114 Kiel
10.18463 54.33615 55 13 13 Albert-Schweitzer-Weg 3, 24149 Kiel
10.16579 54.3141 55 7 7 Grabastr. 55, 24148 Kiel
10.15031 54.29738 63 7 7 Segeberger Landstr. 2, 24145 Kiel
10.07082 54.26517 58 12 12 Kolberg 6, 24113 Molfsee
10.08791 54.35219 57 8 8 Dr.-Hell-Str. 1, 24107 Kiel
10.17232 54.29438 58 8 8 Schlehenkamp 3, 24146 Kiel
10.07895 54.33601 61 9 9 Am Holm 10, 24119 Kronshagen
10.20882 54.32561 60 12 12 Oppendorfer Weg 15, 24149 Kiel
10.06589 54.29291 65 12 12 Wiepenkrog 78, 24113 Kiel
10.05331 54.26798 56 14 14 Poggenkrugsweg 28, 24113 Molfsee
10.08794 54.33793 63 7 7 Kopperpahler Allee 68, 24119 Kronshagen
10.14196 54.3088 56 4 4 Georg-Pfingsten-Str. 10, 24143 Kiel
10.07961 54.33253 54 9 9 Von-Stephan-Str. 7, 24119 Kronshagen
10.1475 54.30456 64 6 6 Ostring 88, 24143 Kiel
10.11859 54.33238 59 3 3 Gutenbergstr. 62, 24118 Kiel
10.20498 54.28839 59 13 13 Werdenfelser Str. 7, 24146 Kiel
10.12764 54.38856 57 13 13 Königsberger Str. 19, 24161 Altenholz
10.12459 54.33783 64 4 4 Westring 385, 24118 Kiel
10.13271 54.31624 52 1 1 Auguste-Viktoria-Str. 16, 24103 Kiel
10.08556 54.28669 58 10 10 Hamburger Landstr. 15, 24113 Molfsee
10.14724 54.36936 63 13 13 Kastanienallee 30, 24159 Kiel
10.1293 54.32712 56 2 2 Wilhelminenstr. 32, 24103 Kiel
10.17602 54.32335 64 9 9 Danziger Str. 14, 24148 Kiel
10.07872 54.29222 63 10 10 Vorderkronsberg 1, 24113 Kiel
10.08341 54.33506 63 8 8 Sandkoppel 6, 24119 Kronshagen
10.1452 54.34913 52 6 6 Park-Str. 2, 24106 Kiel
10.13577 54.30558 55 4 4 Kehrwieder 1, 24143 Kiel
10.18129 54.29491 59 9 9 Eger-Str. 3, 24146 Kiel
10.07798 54.36354 52 11 11 Wolliner Weg 8, 24107 Kiel
10.1286 54.32178 63 2 2 Exerzierplatz 30, 24103 Kiel
10.13224 54.35045 57 5 5 Holtenauer Str. 257, 24106 Kiel
10.09608 54.34762 60 7 7 Vulkanweg 2, 24119 Kronshagen
10.13854 54.34959 60 5 5 Feldstr. 171, 24106 Kiel
10.10165 54.34652 65 7 7 Radbruchstr. 1, 24106 Kiel
10.13117 54.32732 55 2 2 Legienstr. 26, 24103 Kiel
10.1545 54.28744 64 10 10 Stauffenberg-Ring 40, 24145 Kiel
10.11909 54.39622 61 14 14 Struckbrook 2, 24161 Altenholz
10.12131 54.40238 52 15 15 Linden-Allee 4, 24161 Altenholz
10.07245 54.35359 56 11 11 Steinberg 68, 24107 Kiel
10.1308 54.324 60 1 1 Lorentzendamm 46, 24103 Kiel
10.13152 54.32168 52 1 1 Waisenhofstr. 1, 24103 Kiel
10.17391 54.40056 60 17 17 Grüffkamp 38, 24159 Kiel
10.13066 54.31827 59 1 1 Hopfenstr. 65, 24103 Kiel
10.07566 54.33817 56 9 9 Ernst-Barlach-Weg 2, 24119 Kronshagen
10.13002 54.36528 56 9 9 Auberg 61, 24106 Kiel
10.11814 54.40045 54 15 15 Klausdorfer Str. 76, 24161 Altenholz
10.16146 54.41021 59 17 17 Seekamper Weg 14, 24159 Kiel
10.13437 54.3577 60 7 7 Adalbertstr. 7, 24106 Kiel
10.02421 54.31545 59 10 10 Dorfstr. 64, 24109 Melsdorf
10.10313 54.31076 56 6 6 Mettlachstr. 6, 24114 Kiel
10.07007 54.30282 60 11 11 Steglitzer Weg 15, 24111 Kiel
10.16737 54.39612 52 16 16 Ringelnatzstr. 23, 24159 Kiel
10.13415 54.33916 53 4 4 Wrangelstr. 61, 24105 Kiel
10.13538 54.27756 63 8 8 Radewisch 19, 24145 Kiel
10.07961 54.33253 55 9 9 Von-Stephan-Str. 7, 24119 Kronshagen
10.07666 54.3626 65 11 11 Ostseestr. 3, 24107 Kiel
10.04985 54.32715 56 11 11 Helsinkistr. 25, 24109 Kiel
10.13179 54.30294 52 5 5 Tonberg 3, 24113 Kiel
10.12576 54.36992 59 12 12 Geheimrat-Schultz-Weg 51, 24159 Kiel
10.15397 54.31119 56 5 5 Ostring 151, 24143 Kiel
10.13976 54.35836 53 10 10 Greifswalder Str. 14, 24106 Kiel
10.17181 54.32155 54 9 9 Elbinger Str. 6, 24148 Kiel
10.17381 54.42348 60 19 19 Hohes Ufer 5, 24159 Kiel
10.14139 54.31463 53 5 5 Werftstr. 173, 24143 Kiel
10.12483 54.28146 64 8 8 Bustorfer Weg 66, 24145 Kiel
10.11453 54.32454 54 3 3 Kronshagener Weg 40, 24116 Kiel
10.1316 54.34133 60 4 4 Esmarchstr. 81, 24118 Kiel
10.17631 54.41853 54 18 18 Funkstellenweg 135, 24159 Kiel
10.12735 54.33601 60 3 3 Waitzstr. 96, 24118 Kiel
10.12244 54.32316 60 2 2 Stephan-Heinzel-Str. 5, 24103 Kiel
10.11272 54.32381 63 3 3 Westring 232, 24116 Kiel
10.12902 54.33721 56 3 3 Samwerstr. 15, 24118 Kiel
10.16667 54.3216 59 8 8 Werftstr. 2, 24148 Kiel
10.12186 54.40146 57 16 16 Linden-Allee 36, 24161 Altenholz
10.14764 54.31502 57 6 6 Norddeutsche Str. 25, 24143 Kiel
10.13438 54.29026 54 6 6 Kniestr. 21, 24145 Kiel
10.07233 54.35975 62 12 12 Hoogewinkel 56, 24107 Kiel
10.15062 54.33396 59 3 3 Düsternbrooker Weg 61, 24105 Kiel
10.1156 54.34718 59 8 8 Am Botanischen Garten 4, 24118 Kiel
10.06447 54.27758 60 12 12 Wolfskamp 2, 24113 Molfsee
10.19076 54.28722 57 12 12 Lechweg 51, 24146 Kiel
10.18456 54.29454 60 9 9 Bebelplatz 4, 24146 Kiel
10.07599 54.33219 65 7 7 Kieler Str. 116, 24119 Kronshagen
10.1316 54.28433 60 7 7 Grot Steenbusch 30, 24145 Kiel
10.07538 54.33823 54 9 9 Güstrower Weg 8, 24119 Kronshagen
10.08357 54.36255 56 13 13 Wippen 14, 24107 Kiel
10.1323 54.28158 59 7 7 Radewisch 161, 24145 Kiel
10.16099 54.39911 62 18 18 Wilhelm-Lobsien-Weg 4, 24159 Kiel
10.16909 54.39902 60 16 16 Friedrichsorter Str. 33, 24159 Kiel
10.15352 54.31278 56 7 7 Pickertstr. 1, 24143 Kiel
10.15014 54.30814 59 5 5 Ostring 124, 24143 Kiel
10.06794 54.28058 61 12 12 Wollbergsredder 8, 24113 Molfsee
10.12291 54.32326 58 2 2 Eckernförder Str. 28, 24103 Kiel
10.15374 54.25805 65 10 10 Zum Schlüsbeker Moor 52, 24145 Kiel
10.1365 54.32052 59 0 0 Hafenstr. 17, 24103 Kiel
10.07141 54.26518 63 12 12 Kolberg 8, 24113 Molfsee
10.17034 54.39257 52 18 18 Julius-Fürst-Weg 30, 24159 Kiel
10.12819 54.32688 57 2 2 Wilhelminenstr. 34, 24103 Kiel
10.17813 54.31886 57 8 8 Klausdorfer Weg 163, 24148 Kiel
10.05509 54.29731 53 11 11 Ihlkatenweg 28, 24111 Kiel
10.10201 54.37739 59 15 15 Knooper Dorfstr. 2, 24161 Altenholz
10.08509 54.34725 57 10 10 Holmredder 177, 24107 Kiel
10.08808 54.35575 52 9 9 Lärchenweg 4, 24107 Kiel
10.13531 54.38917 64 14 14 Elbinger Weg 82, 24161 Altenholz
10.15546 54.27986 58 10 10 Bunsenstr. 6, 24145 Kiel
10.16944 54.28678 56 9 9 Segeberger Landstr. 139, 24145 Kiel
10.1275 54.33769 58 4 4 Hansastr. 71, 24118 Kiel
10.12614 54.30946 61 3 3 Sophienblatt 92, 24114 Kiel
10.0768 54.33757 57 9 9 Ernst-Barlach-Weg 18, 24119 Kronshagen
10.11542 54.40015 52 16 16 Am Dehnberg 3, 24161 Altenholz
10.08712 54.33056 54 6 6 Seilerei 6, 24119 Kronshagen
10.15172 54.26247 62 9 9 Zum Schlüsbeker Moor 14, 24145 Kiel
10.06141 54.30075 58 10 10 Russeer Forst 2, 24111 Kiel
10.1183 54.37179 64 12 12 Knooper Landstr. 4, 24161 Altenholz
10.147 54.31144 64 5 5 Vinetaplatz 1, 24143 Kiel
10.13946 54.37212 59 11 11 Richthofenstr. 20, 24159 Kiel
10.12385 54.40197 54 16 16 Ahornallee 1, 24161 Altenholz
10.17114 54.2924 64 8 8 Schlehenkamp 17, 24146 Kiel
10.1065 54.32716 63 4 4 Kronshagener Weg 107, 24116 Kiel
10.1567 54.39553 60 15 15 Wagnerring 1, 24159 Kiel
10.08507 54.31794 60 9 9 Julienluster Weg 22, 24109 Kiel
10.17988 54.29913 63 9 9 Tiroler Ring 144, 24147 Kiel
10.07598 54.32914 59 8 8 Alte Gärtnerei 7, 24119 Kronshagen
10.12785 54.28296 56 7 7 Lüttenhoff 1, 24145 Kiel
10.14046 54.32255 52 0 0 Eggerstedtstr. 9, 24103 Kiel
10.1345 54.3597 53 8 8 Adalbertstr. 31, 24106 Kiel
10.13406 54.28566 64 6 6 Poppenkamp 2, 24145 Kiel
10.06346 54.35303 59 11 11 Schwartenbeker Weg 40, 24107 Kiel
10.05074 54.31289 64 10 10 Jütlandring 30, 24109 Kiel
10.18469 54.29005 59 9 9 Franzensbader Str. 1, 24146 Kiel
10.18658 54.28481 53 11 11 Pottberg 12, 24146 Kiel
10.11589 54.28155 57 9 9 Am Biberbach 2, 24145 Kiel
10.18346 54.30458 53 10 10 Gerstenkamp 31, 24147 Kiel
10.07517 54.33539 57 10 10 Steindamm 2, 24119 Kronshagen
10.1058 54.29929 53 5 5 Hamburger Chaussee 178, 24113 Kiel
10.1381 54.29138 52 7 7 Kieler Kamp 38, 24145 Kiel
10.10476 54.30688 60 6 6 Christianistr. 35, 24113 Kiel
10.1608 54.29225 52 8 8 Segeberger Landstr. 63, 24145 Kiel
10.07412 54.31425 55 9 9 Melsdorfer Str. 65, 24109 Kiel
10.11516 54.32816 64 4 4 Uhlandstr. 2, 24116 Kiel
10.12341 54.39775 62 14 14 Schoolredder 22, 24161 Altenholz
10.09681 54.35116 62 8 8 Gänsewiese 5, 24107 Kiel
10.17149 54.39433 57 17 17 Stettiner Platz 8, 24159 Kiel
10.14793 54.27266 59 8 8 Edisonstr. 18, 24145 Kiel
9.98821 54.34143 53 17 17 Ginsterbusch 6, 24107 Quarnbek
10.10162 54.34971 62 7 7 Mangoldtstr. 14, 24106 Kiel
10.1433 54.33368 55 3 3 Niemannsweg 13, 24105 Kiel
10.06738 54.30486 59 11 11 Klosterkamp 6, 24111 Kiel
10.18598 54.31518 52 9 9 Klausdorfer Weg 190, 24148 Kiel
10.13208 54.37303 52 10 10 Gravensteiner Str. 19, 24159 Kiel
10.06597 54.31505 60 9 9 Rothenhofer Weg 3, 24109 Kiel
10.15583 54.37275 52 14 14 Strandstr. 24, 24159 Kiel
10.18009 54.317 59 9 9 Julius-Brecht-Str. 52, 24148 Kiel
10.10617 54.31042 62 6 6 Saarbrückenstr. 112, 24114 Kiel
10.14711 54.28298 59 8 8 Braunstr. 36, 24145 Kiel
10.07654 54.33672 61 9 9 Suchsdorfer Weg 14, 24119 Kronshagen
10.13215 54.33078 64 2 2 Holtenauer Str. 20, 24105 Kiel
10.06915 54.30374 60 11 11 Reinickendorfer Str. 33, 24111 Kiel
10.12551 54.3117 63 2 2 Königsweg 76, 24114 Kiel
10.14176 54.32172 56 0 0 Schuhmacherstr. 37, 24103 Kiel
10.13008 54.38167 57 13 13 Danziger Str. 30, 24161 Altenholz
10.11038 54.35796 63 9 9 Charles-Roß-Ring 118, 24106 Kiel
10.1655 54.3995 62 16 16 Wilhelm-Raabe-Weg 2, 24159 Kiel
10.15834 54.38571 63 13 13 Kokenhörst 22, 24159 Kiel
10.21494 54.32034 64 13 13 Kiebitzbek 5, 24149 Kiel
10.18768 54.2947 62 9 9 Hultschiner Str. 1, 24146 Kiel
10.0955 54.3497 60 8 8 Grenzweg 22, 24119 Kronshagen
10.0904 54.32961 52 6 6 Kieler Str. 22, 24119 Kronshagen
10.09278 54.29604 62 9 9 Speckenbeker Weg 140, 24113 Kiel
10.13983 54.32381 64 1 1 Falckstr. 2, 24103 Kiel
10.14992 54.30574 63 5 5 Greifstr. 11, 24143 Kiel
10.13019 54.32432 54 1 1 Fleethörn 32, 24103 Kiel
10.06434 54.26423 61 12 12 Schulstr. 4, 24113 Molfsee
10.14001 54.28082 64 8 8 Hopfenlandsberg 11, 24145 Kiel
10.14873 54.31172 62 6 6 Kaiserstr. 37, 24143 Kiel
10.15277 54.40018 62 14 14 Hohenleuchte 2, 24159 Kiel
10.13677 54.37344 58 11 11 Lilienthalstr. 10, 24159 Kiel
10.11344 54.29882 64 7 7 Pappel-Weg 1, 24113 Kiel
10.15262 54.31177 54 7 7 Gustav-Schatz-Hof 11, 24143 Kiel
10.07009 54.31594 55 8 8 Liethweg 1, 24109 Kiel
10.18221 54.28869 62 10 10 Elmschenhagener Allee 43, 24146 Kiel
10.07144 54.36086 56 11 11 Nordseestr. 102, 24107 Kiel
10.16887 54.42627 59 19 19 Starweg 2, 24159 Kiel
10.08191 54.33164 64 7 7 Kieler Str. 90, 24119 Kronshagen
10.19562 54.28695 64 13 13 Innweg 2, 24146 Kiel
10.08304 54.33568 52 8 8 Meddagskamp 31, 24119 Kronshagen
10.13002 54.40036 63 15 15 Grevenkamp 1, 24161 Altenholz
10.1792 54.41508 56 19 19 Seekante 6, 24159 Kiel
10.14003 54.3631 63 11 11 Herthastr. 24, 24106 Kiel
10.19773 54.27731 57 14 14 Rohrsängerweg 30, 24146 Kiel
10.14952 54.29844 53 7 7 Segeberger Landstr. 2, 24145 Kiel
10.0542 54.30245 65 9 9 Rendsburger Landstr. 456, 24111 Kiel
10.12871 54.33964 53 5 5 Niebuhrstr. 6, 24118 Kiel
10.1749 54.31425 63 8 8 Schwanenseeplatz 7, 24148 Kiel
10.13476 54.35691 59 7 7 Adalbertstr. 4, 24106 Kiel
10.13781 54.34528 65 5 5 Scharnhorststr. 23, 24105 Kiel
10.13749 54.33774 52 4 4 Adolfplatz 1, 24105 Kiel
10.10837 54.36157 59 9 9 Wiesenweg 7, 24106 Kiel
10.13575 54.29123 60 6 6 Kirschenkamp 1, 24145 Kiel
10.17677 54.2919 56 9 9 Elmschenhagener Allee 1, 24146 Kiel
10.12274 54.3584 53 10 10 Knivsberg 14, 24106 Kiel
10.06836 54.30644 54 12 12 Hofkoppel 1, 24111 Kiel
10.07496 54.33829 61 9 9 Kurt-Tucholsky-Weg 1, 24119 Kronshagen
10.13685 54.30608 53 5 5 Zum Brook 4, 24143 Kiel
10.08009 54.30649 53 11 11 Spreeallee 133, 24111 Kiel
10.09931 54.34351 58 6 6 Eckernförder Str. 256, 24119 Kronshagen
10.13914 54.35472 57 8 8 Kiellinie 249, 24106 Kiel
10.10193 54.31938 59 4 4 Hasseldieksdammer Weg 165, 24116 Kiel
10.06666 54.3067 65 11 11 Klosterkamp 12, 24111 Kiel
10.19903 54.33314 61 13 13 Alfons-Huysmans-Ring 95, 24149 Kiel
10.11594 54.32615 55 4 4 Spichernstr. 10, 24116 Kiel
10.15219 54.33565 65 4 4 Düsternbrooker Weg 82, 24105 Kiel
10.06278 54.32097 58 11 11 Gotlandwinkel 2, 24109 Kiel
9.98914 54.34176 59 17 17 Sturenberg 23, 24107 Quarnbek
10.17817 54.30728 59 10 10 Ellerbeker Weg 120, 24148 Kiel
10.05128 54.33014 52 12 12 Helsinkistr. 200, 24109 Kiel
10.1015 54.34419 55 8 8 Teichhörn 25, 24119 Kronshagen
10.17007 54.31155 63 8 8 Federmannstr. 14, 24148 Kiel
10.15377 54.39563 64 16 16 Wagnerring 52, 24159 Kiel
10.0447 54.31833 63 10 10 Aarhusstr. 14, 24109 Kiel
10.17903 54.31618 64 9 9 Julius-Brecht-Str. 34, 24148 Kiel
10.08402 54.33527 56 9 9 Sandkoppel 51, 24119 Kronshagen
10.04901 54.3406 55 11 11 Dorfstr. 36, 24107 Ottendorf
10.13265 54.34139 57 4 4 Esmarchstr. 76, 24118 Kiel
10.14878 54.30784 62 5 5 Kirchenweg 53, 24143 Kiel
10.12816 54.36917 63 11 11 Friedrich-Voß-Ufer 4, 24159 Kiel
10.08939 54.34427 52 8 8 Albert-Einstein-Str. 1, 24119 Kronshagen
10.18063 54.33005 62 11 11 Grenzstr. 12, 24149 Kiel
10.11331 54.33285 58 4 4 Gutenbergstr. 84, 24118 Kiel
10.21067 54.32403 63 13 13 Oppendorfer Weg 26, 24149 Kiel
10.08551 54.33646 62 8 8 Sünnopgangsweg 17, 24119 Kronshagen
10.17944 54.31219 63 10 10 Fargauweg 4, 24148 Kiel
10.15914 54.39427 55 16 16 Beethovenweg 65, 24159 Kiel
10.06392 54.3171 63 10 10 Hofholzallee 225, 24109 Kiel
10.06143 54.31706 53 9 9 Hofholzallee 246, 24109 Kiel
10.12554 54.40141 59 15 15 Linden-Allee 114, 24161 Altenholz
10.12546 54.32077 59 2 2 Adelheidstr. 26, 24103 Kiel
10.02692 54.35462 58 17 17 Reimershofer Weg 15, 24107 Quarnbek
10.12886 54.32883 61 2 2 Mittelstr. 21, 24103 Kiel
10.1662 54.4215 58 18 18 Schaapkoppel 5, 24159 Kiel
10.20173 54.335 60 13 13 Ristblick 1, 24149 Kiel
10.11648 54.30488 55 4 4 Hamburger Chaussee 78, 24113 Kiel
10.07866 54.35086 57 10 10 Holmredder 40, 24107 Kiel
10.06664 54.31626 53 9 9 Russeer Weg 134, 24109 Kiel
10.0719 54.27437 53 12 12 Moorkoppel 6, 24113 Molfsee
10.08182 54.3586 53 9 9 Eckernförder Str. 437, 24107 Kiel
10.13675 54.28555 58 7 7 Sösslingspott 19, 24145 Kiel
10.13663 54.35761 59 8 8 Heiligendammer Str. 15, 24106 Kiel
10.0281 54.35482 56 16 16 Reimershof 21, 24107 Quarnbek
10.2041 54.31895 58 12 12 Wehdenweg 137, 24148 Kiel
10.11686 54.33915 60 5 5 Grasweg 43, 24118 Kiel
10.06975 54.28954 53 12 12 Am Voßberg 12, 24113 Kiel
10.15017 54.36942 59 13 13 Kanalstr. 55, 24159 Kiel
10.09851 54.34655 62 7 7 Siedlung Lebensfreude 24, 24119 Kronshagen
10.11858 54.40559 56 16 16 Moorredder 21, 24161 Altenholz
10.08688 54.35568 62 9 9 Birkenweg 2, 24107 Kiel
10.12383 54.32545 64 3 3 Sternstr. 3, 24103 Kiel
10.1265 54.29861 56 6 6 Spolertstr. 16, 24113 Kiel
10.07307 54.35303 55 13 13 Steinberg 44, 24107 Kiel
10.14952 54.33605 55 3 3 Luisenweg 12, 24105 Kiel
10.10479 54.36176 57 10 10 Am Tannenberg 47, 24106 Kiel
10.08306 54.29998 59 8 8 Rendsburger Landstr. 304, 24111 Kiel
10.01807 54.34267 53 15 15 Reimershofer Weg 12, 24107 Quarnbek
10.1207 54.35374 53 7 7 Projensdorfer Str. 118, 24106 Kiel
10.14146 54.37247 64 12 12 Richthofenstr. 16, 24159 Kiel
10.08545 54.29144 57 9 9 Speckenbeker Weg 56, 24113 Kiel
10.12076 54.34263 61 5 5 Lichtestr. 2, 24118 Kiel
9.99091 54.34171 59 17 17 Möhlenbarg 8, 24107 Quarnbek
9.97368 54.34176 58 18 18 Holm 3, 24107 Quarnbek
10.02957 54.3193 64 10 10 Köhlerkoppel 21, 24109 Melsdorf
10.07524 54.30043 57 9 9 Rendsburger Landstr. 339, 24111 Kiel
10.10201 54.37739 62 15 15 Knooper Dorfstr. 2, 24161 Altenholz
10.14022 54.32157 53 0 0 Wall 30, 24103 Kiel
10.15488 54.33537 58 4 4 Kiellinie 100, 24105 Kiel
10.13437 54.33399 54 3 3 Lornsenstr. 52, 24105 Kiel
10.14179 54.28093 60 8 8 Reesenberg 57, 24145 Kiel
10.13974 54.34329 64 5 5 Feldstr. 132, 24105 Kiel
10.03921 54.34007 52 13 13 Clemensstücken 1, 24107 Ottendorf
10.17697 54.31958 55 8 8 Klausdorfer Weg 102, 24148 Kiel
10.13228 54.33739 61 3 3 Knooper Weg 169, 24118 Kiel
10.12031 54.40474 57 16 16 Moorredder 17, 24161 Altenholz
10.13843 54.38744 59 12 12 Dänischenhagener Str. 32, 24161 Altenholz
10.11282 54.32525 58 3 3 Kronshagener Weg 56, 24116 Kiel
10.18809 54.32642 65 10 10 Wehdenweg 1, 24148 Kiel
10.14952 54.33605 53 3 3 Luisenweg 12, 24105 Kiel
10.07286 54.30528 59 11 11 Spandauer Weg 6, 24111 Kiel
10.16734 54.31108 55 8 8 Federmannstr. 42, 24148 Kiel
10.13094 54.39927 58 15 15 Ohlandbogen 57, 24161 Altenholz
10.14628 54.33403 59 3 3 Hohenbergstr. 2, 24105 Kiel
10.13359 54.33719 56 3 3 Holtenauer Str. 116, 24105 Kiel
10.11645 54.32109 60 3 3 Harmsstr. 124, 24114 Kiel
10.19682 54.28599 55 13 13 Schwalbensteg 1, 24146 Kiel
10.1662 54.4215 54 18 18 Schaapkoppel 5, 24159 Kiel
10.12998 54.36614 58 9 9 Uferstr. 48, 24106 Kiel
10.10117 54.29413 52 6 6 Hamburger Chaussee 244, 24113 Kiel
10.10654 54.35521 53 9 9 Steenbeker Weg 52, 24106 Kiel
10.13055 54.35894 54 7 7 Holtenauer Str. 360, 24106 Kiel
10.20744 54.32307 54 13 13 Spitzenkamp 9, 24149 Kiel
10.11666 54.39749 54 14 14 Klausdorfer Str. 62, 24161 Altenholz
10.08255 54.34834 61 9 9 Holmredder 146, 24107 Kiel
9.97064 54.32562 56 15 15 Küsterkoppel 1, 24107 Quarnbek
10.10969 54.35729 63 9 9 Wolperdingstr. 1, 24106 Kiel
10.13184 54.28842 52 6 6 Kieler Weg 179, 24145 Kiel
10.1429 54.30471 58 5 5 Hofstr. 38, 24143 Kiel
10.07892 54.36369 52 11 11 Wolliner Weg 19, 24107 Kiel
10.04964 54.32779 63 12 12 Turkuring 37, 24109 Kiel
10.16823 54.39635 52 16 16 Gudegastkoppel 13, 24159 Kiel
10.06701 54.30199 53 10 10 Russeer Weg 2, 24111 Kiel
10.09767 54.31929 59 5 5 Diekweg 3, 24114 Kiel
10.15825 54.29169 60 9 9 Sportplatzweg 1, 24145 Kiel
10.17107 54.39751 63 17 17 Friedrichsorter Str. 19, 24159 Kiel
10.1196 54.32218 63 3 3 Hasseldieksdammer Weg 1, 24116 Kiel
10.13329 54.38162 52 13 13 Breslauer Str. 23, 24161 Altenholz
10.19003 54.28702 59 11 11 Lechweg 59, 24146 Kiel
10.11396 54.2816 64 9 9 Freesienfeld 5, 24145 Kiel
10.18836 54.29875 63 9 9 Klagenfurter Weg 119, 24147 Kiel
10.12831 54.33009 52 2 2 Knooper Weg 99, 24116 Kiel
9.99157 54.34379 53 17 17 Am Fährberg 14, 24107 Quarnbek
10.12575 54.3086 65 3 3 Alte Lübecker Chaussee 1, 24114 Kiel
10.16579 54.3141 55 7 7 Grabastr. 55, 24148 Kiel
10.12918 54.33587 53 3 3 Waitzstr. 72, 24118 Kiel
10.15755 54.31117 55 7 7 Pickertstr. 36, 24143 Kiel
10.19764 54.32989 52 10 10 Schönkirchener Str. 67, 24149 Kiel
10.13103 54.33628 53 3 3 Knooper Weg 157, 24118 Kiel
10.11516 54.32816 55 4 4 Uhlandstr. 2, 24116 Kiel
10.09608 54.30385 53 7 7 Hasseer Str. 71, 24113 Kiel
10.15684 54.39101 60 16 16 Buschblick 4, 24159 Kiel
10.0611 54.291 59 13 13 Eiderbrook 114, 24113 Kiel
10.18783 54.3383 57 12 12 Helenenstr. 5, 24149 Kiel
10.05164 54.31263 52 11 11 Korsörweg 29, 24109 Kiel
10.16584 54.39734 59 16 16 Redinskamp 9, 24159 Kiel
10.06283 54.31874 61 9 9 Voßhörn 1, 24109 Kiel
10.1337 54.31825 63 1 1 Stresemannplatz 1, 24103 Kiel
10.1589 54.39533 59 15 15 Beethovenweg 13, 24159 Kiel
10.12229 54.30481 56 4 4 Krusenrotter Weg 20, 24113 Kiel
10.06392 54.26189 58 12 12 Hamburger Chaussee 14, 24113 Molfsee
10.11982 54.31905 59 2 2 Deliusstr. 27, 24114 Kiel
10.10773 54.32209 52 4 4 Virchowstr. 32, 24116 Kiel
10.17016 54.39387 64 17 17 Prieser Höhe 1, 24159 Kiel
10.08869 54.32057 55 6 6 Rudolf-Steiner-Weg 1, 24109 Kiel
10.15071 54.33984 59 6 6 Niemannsweg 105, 24105 Kiel
10.17888 54.27066 53 12 12 Petersilienweg 23, 24145 Kiel
10.1445 54.3738 64 13 13 Hayßenstr. 18, 24159 Kiel
10.13871 54.30951 63 4 4 Werftstr. 231, 24143 Kiel
10.16584 54.41788 58 18 18 Schilkseer Str. 136, 24159 Kiel
10.18614 54.3322 62 11 11 Boksberg 17, 24149 Kiel
10.02944 54.31442 54 10 10 Am Dörpsdiek 59, 24109 Melsdorf
10.14223 54.3069 59 5 5 Bielenbergstr. 53, 24143 Kiel
10.03384 54.31686 59 10 10 Am Dom 23, 24109 Melsdorf
10.17465 54.41937 54 18 18 Gaffelweg 11, 24159 Kiel
10.05959 54.31461 52 10 10 Emkendorfer Weg 1, 24109 Kiel
10.10171 54.31299 52 7 7 Mühlendamm 3, 24113 Kiel
10.11025 54.34916 55 8 8 Bremerskamp 91, 24106 Kiel
10.11261 54.32117 64 3 3 Hasseldieksdammer Weg 41, 24116 Kiel
10.06897 54.30683 59 10 10 Russeer Weg 59, 24111 Kiel
10.18544 54.33904 52 12 12 Hertzstr. 100, 24149 Kiel
10.05085 54.32925 62 12 12 Helsinkistr. 77, 24109 Kiel
10.14732 54.32816 63 2 2 Kiellinie 9, 24105 Kiel
10.17546 54.29412 54 10 10 Dornbusch 21, 24146 Kiel
10.07101 54.29276 63 13 13 Wiepenkrog 54, 24113 Kiel
10.14182 54.3018 54 6 6 Theodor-Heuss-Ring 136, 24143 Kiel
10.12099 54.30428 57 4 4 Theodor-Heuss-Ring 60, 24113 Kiel
10.06965 54.35195 61 11 11 Bauernfeld 38, 24107 Kiel
10.06594 54.31789 58 9 9 Russeer Weg 144, 24109 Kiel
10.04592 54.31773 53 11 11 Aarhusstr. 1, 24109 Kiel
10.09359 54.41272 53 18 18 Kubitzberg 11, 24161 Altenholz
10.07515 54.36586 65 12 12 Fehmarnwinkel 39, 24107 Kiel
10.11099 54.3018 58 6 6 Fröbelstr. 49, 24113 Kiel
10.13467 54.38102 54 10 10 Boelckestr. 85, 24159 Altenholz
10.06716 54.30092 57 10 10 Rendsburger Landstr. 386, 24111 Kiel
10.10955 54.36129 56 9 9 Wiesenweg 1, 24106 Kiel
10.1605 54.29307 52 9 9 Ostpreußenweg 2, 24145 Kiel
10.02111 54.34166 54 14 14 Gartenkamp 2, 24107 Quarnbek
10.10692 54.29975 60 5 5 Hamburger Chaussee 169, 24113 Kiel
10.06766 54.33813 61 9 9 Schoobrook 2, 24107 Ottendorf
10.19645 54.27704 52 14 14 Sprosserpfad 15, 24146 Kiel
10.14276 54.33427 56 3 3 Lornsenstr. 1, 24105 Kiel
10.06347 54.26414 54 12 12 Schulberg 2, 24113 Molfsee
10.07437 54.33753 60 9 9 Helene-Lange-Weg 4, 24119 Kronshagen
10.15145 54.31392 58 6 6 Kaiserstr. 14, 24143 Kiel
10.1274 54.31046 64 2 2 Marthastr. 1, 24114 Kiel
10.17545 54.31997 52 9 9 Klausdorfer Weg 77, 24148 Kiel
10.17107 54.39751 52 17 17 Friedrichsorter Str. 19, 24159 Kiel
10.14186 54.33807 55 4 4 Düppelstr. 57, 24105 Kiel
10.11662 54.32688 52 4 4 Westring 266, 24116 Kiel
10.17227 54.31732 58 9 9 Hangstr. 30, 24148 Kiel
10.11734 54.41574 58 16 16 Postkamp 1, 24161 Altenholz
10.07136 54.2638 65 12 12 Buschkoppel 15, 24113 Molfsee
10.10836 54.33619 64 5 5 Eckernförder Str. 180, 24118 Kiel
10.14359 54.28864 55 8 8 Kuhlacker 1, 24145 Kiel
10.12132 54.40427 60 16 16 Moorredder 3, 24161 Altenholz
10.12644 54.33153 59 2 2 Gutenbergstr. 6, 24118 Kiel
10.1905 54.29617 63 9 9 Preetzer Chaussee 234, 24146 Kiel
10.08418 54.28513 52 9 9 Eschenbrook 2, 24113 Molfsee
10.14082 54.32798 52 2 2 Brunswiker Str. 23, 24105 Kiel
10.17466 54.4189 54 18 18 Gaffelweg 14, 24159 Kiel
10.11982 54.31905 57 2 2 Deliusstr. 27, 24114 Kiel
10.14741 54.30684 57 5 5 Preetzer Str. 51, 24143 Kiel
10.18039 54.30549 60 10 10 Radebrook 13, 24147 Kiel
9.99284 54.34124 56 17 17 Mönkbergseck 16, 24107 Quarnbek
10.13001 54.34028 62 4 4 Stein-Str. 24, 24118 Kiel
10.06885 54.28982 61 12 12 Am Voßberg 16, 24113 Kiel
10.05737 54.30115 57 10 10 Ihlkatenweg 1, 24111 Kiel
10.07961 54.34972 53 10 10 Wetterbek 17, 24107 Kiel
10.09955 54.27761 62 9 9 Meimersdorfer Weg 165, 24145 Kiel
10.09888 54.39621 52 16 16 Gut Friedrichshof 1, 24161 Altenholz
10.07189 54.36347 63 11 11 Alte Chaussee 9, 24107 Kiel
10.04084 54.33947 59 13 13 Rammskrug 13, 24107 Ottendorf
10.1376 54.32218 54 0 0 Holstenstr. 28, 24103 Kiel
10.12421 54.32438 59 2 2 Jungfernstieg 20, 24103 Kiel
10.17826 54.27024 61 12 12 Petersilienweg 8, 24145 Kiel
10.20399 54.28868 59 13 13 Werdenfelser Str. 3, 24146 Kiel
10.02954 54.31604 54 9 9 Dorfstr. 40, 24109 Melsdorf
10.13609 54.38747 61 12 12 Allensteiner Weg 3, 24161 Altenholz
10.10319 54.27476 64 9 9 Meimersdorfer Weg 214, 24145 Kiel
10.13332 54.34994 54 6 6 Holtenauer Str. 270, 24106 Kiel
10.13086 54.39261 57 13 13 Altenholzer Str. 1, 24161 Altenholz
10.17889 54.30318 58 9 9 Felsenstr. 20, 24147 Kiel
10.07898 54.35214 58 10 10 Holmredder 21, 24107 Kiel
10.05806 54.30185 61 10 10 Rendsburger Landstr. 440, 24111 Kiel
10.17215 54.31009 60 8 8 Tröndelweg 1, 24148 Kiel
10.13478 54.38746 52 12 12 Elbinger Weg 4, 24161 Altenholz
10.12502 54.32626 59 2 2 Klopstockstr. 17, 24103 Kiel
10.06455 54.35204 64 11 11 Schwartenbeker Weg 39, 24107 Kiel
10.18684 54.33439 61 11 11 Lüderitzstr. 11, 24149 Kiel
10.07133 54.36032 61 11 11 Trischenweg 2, 24107 Kiel
10.139 54.32445 54 1 1 Klosterkirchhof 10, 24103 Kiel
10.17602 54.32335 53 9 9 Danziger Str. 14, 24148 Kiel
9.99568 54.34337 59 17 17 Spitzenrade 9, 24107 Quarnbek
10.13205 54.32616 59 1 1 Muhliusstr. 55, 24103 Kiel
10.11932 54.31327 59 3 3 Melanchthonstr. 21, 24114 Kiel
10.08008 54.28529 64 10 10 Kirchenweg 20, 24113 Molfsee
10.10851 54.29456 59 7 7 Petersburger Weg 56, 24113 Kiel
10.15658 54.37348 57 16 16 Strandstr. 30, 24159 Kiel
10.06962 54.35567 59 12 12 Langer Hof 32, 24107 Kiel
10.13227 54.29765 54 7 7 Karlsburger Feldweg 35, 24113 Kiel
10.05285 54.33064 60 11 11 Narvikstr. 130, 24109 Kiel
10.17613 54.26588 63 12 12 Am Teich 11, 24145 Kiel
10.16741 54.32304 58 8 8 Mathildenstr. 20, 24148 Kiel
10.17506 54.29201 52 9 9 Im Dorfe 4, 24146 Kiel
10.09452 54.34772 59 7 7 Eckernförder Str. 333, 24107 Kronshagen
10.12799 54.33698 64 4 4 Franckestr. 21, 24118 Kiel
10.16512 54.39348 61 15 15 Steenbarg 3, 24159 Kiel
10.20172 54.2793 57 14 14 Rönner Weg 75, 24146 Kiel
10.10215 54.27508 59 9 9 Meimersdorfer Weg 211, 24145 Kiel
10.13911 54.36504 52 12 12 Maklerstr. 2, 24159 Kiel
10.13321 54.33516 57 3 3 Holtenauer Str. 83, 24105 Kiel
10.10313 54.31076 52 6 6 Mettlachstr. 6, 24114 Kiel
10.06422 54.2663 53 13 13 Catharinenberg 34, 24113 Molfsee
10.16278 54.30523 64 6 6 Geschwister-Scholl-Str. 9, 24143 Kiel
10.17379 54.42302 62 19 19 Lummenstieg 12, 24159 Kiel
10.13872 54.27943 64 8 8 Barkauer Str. 113, 24145 Kiel
10.08595 54.33286 64 7 7 Hasselkamp 2, 24119 Kronshagen
10.12921 54.40412 65 16 16 Fliederweg 25, 24161 Altenholz
10.12921 54.40412 60 16 16 Fliederweg 25, 24161 Altenholz
10.08713 54.35288 62 8 8 Ellerkrug 1, 24107 Kiel
10.12189 54.28259 55 9 9 Lütt Steenbusch 23, 24145 Kiel
10.17968 54.32241 58 10 10 Radsredder 54, 24148 Kiel
9.99451 54.34129 57 17 17 Toweddern 19, 24107 Quarnbek
10.15486 54.28461 52 11 11 Wellseedamm 10, 24145 Kiel
10.14075 54.32759 62 2 2 Dahlmannstr. 2, 24103 Kiel
10.06933 54.35571 61 12 12 Langer Hof 7, 24107 Kiel
10.09665 54.34857 64 7 7 Grenzweg 2, 24119 Kronshagen
10.10119 54.35543 60 10 10 Anneliese-Pinn-Weg 1, 24106 Kiel
10.02932 54.31468 64 10 10 Am Dörpsdiek 61, 24109 Melsdorf
10.19247 54.33053 62 11 11 Steinkamp 28, 24149 Kiel
10.16868 54.3113 52 8 8 Federmannstr. 30, 24148 Kiel
10.13 54.34433 62 5 5 Kleiststr. 43, 24118 Kiel
10.1305 54.3497 53 6 6 Kappelner Str. 1, 24106 Kiel
10.17081 54.41341 62 18 18 Graf-Luckner-Str. 2, 24159 Kiel
10.1614 54.29015 59 9 9 Elisabeth-Gloeden-Ring 9, 24145 Kiel
9.98814 54.34189 58 17 17 Ginsterbusch 2, 24107 Quarnbek
10.15755 54.31117 52 7 7 Pickertstr. 36, 24143 Kiel
10.17684 54.30431 57 9 9 Ellerbeker Weg 90, 24147 Kiel
10.12663 54.32382 53 2 2 Jungfernstieg 2, 24103 Kiel
10.14345 54.31489 61 6 6 Kieler Str. 3, 24143 Kiel
10.09335 54.37391 55 16 16 Gut Projensdorf 1, 24161 Altenholz
10.20373 54.28934 53 13 13 Sonthofener Str. 55, 24146 Kiel
10.16619 54.2864 57 10 10 Hofberg 2, 24145 Kiel
10.03958 54.32962 60 12 12 Hochrott 2, 24107 Quarnbek
10.08146 54.33672 56 9 9 Holländerey 17, 24119 Kronshagen
10.12821 54.31195 52 2 2 Sophienblatt 47, 24114 Kiel
10.12051 54.40706 52 17 17 Vordere Wurth 9, 24161 Altenholz
10.17467 54.39785 61 17 17 Fritz-Lau-Str. 1, 24159 Kiel
10.10957 54.34504 61 6 6 Leibnizstr. 4, 24118 Kiel
10.12374 54.39459 61 13 13 Kronsberg 1, 24161 Altenholz
10.06928 54.31683 65 10 10 Hofholzallee 171, 24109 Kiel
10.19102 54.27688 59 14 14 Hof Kroog 1, 24146 Kiel
10.08203 54.33902 61 8 8 Grasweg 1, 24119 Kronshagen
10.17149 54.421 62 18 18 Schlimbachallee 2, 24159 Kiel
10.13931 54.34135 64 4 4 Esmarchstr. 21, 24105 Kiel
10.13701 54.32305 54 1 1 Kehdenstr. 15, 24103 Kiel
10.13379 54.38852 58 12 12 Elbinger Weg 55, 24161 Altenholz
10.11349 54.31404 56 4 4 Brunsrade 8, 24114 Kiel
10.14927 54.30506 54 5 5 Blitzstr. 41, 24143 Kiel
10.11377 54.3001 63 5 5 Alte Gärtnerei 1, 24113 Kiel
10.07627 54.36281 52 11 11 Ostseestr. 5, 24107 Kiel
10.1361 54.3208 52 0 0 Andreas-Gayk-Str. 9, 24103 Kiel
10.13525 54.38155 57 11 11 Dänischenhagener Str. 1, 24159 Altenholz
10.13387 54.32935 61 2 2 Preußerstr. 1, 24105 Kiel
10.09326 54.34944 52 8 8 Klausbrooker Weg 1, 24107 Kronshagen
10.14805 54.2792 59 8 8 Liebigstr. 18, 24145 Kiel
10.06641 54.29058 65 12 12 Am Voßberg 26, 24113 Kiel
10.14318 54.34165 56 5 5 Esmarchstr. 12, 24105 Kiel
10.11675 54.27411 56 10 10 Moorseer Weg 2, 24145 Kiel
10.0727 54.36165 56 11 11 Pellwormer Weg 33, 24107 Kiel
10.13783 54.33775 63 4 4 Adolfplatz 2, 24105 Kiel
10.02848 54.34449 59 14 14 Wiedenkamp 3, 24107 Quarnbek
10.07706 54.35152 63 10 10 Rotenbek 13, 24107 Kiel
10.18035 54.29277 64 10 10 Jettkorn 16, 24146 Kiel
10.13002 54.40036 59 15 15 Grevenkamp 1, 24161 Altenholz
10.07246 54.36107 53 13 13 Nordseestr. 80, 24107 Kiel
10.15389 54.38427 52 13 13 Schusterkrug 4, 24159 Kiel
10.0922 54.2968 62 8 8 Speckenbeker Weg 148, 24113 Kiel
10.06964 54.36048 61 11 11 Nordseestr. 21, 24107 Kiel
10.12764 54.38856 61 13 13 Königsberger Str. 19, 24161 Altenholz
10.02421 54.31545 61 10 10 Dorfstr. 64, 24109 Melsdorf
10.17037 54.27881 54 11 11 Zum Forst 10, 24145 Kiel
10.16192 54.28262 64 10 10 Edisonstr. 62, 24145 Kiel
10.10385 54.29598 55 6 6 Hamburger Chaussee 217, 24113 Kiel
10.13361 54.29025 62 6 6 Kniestr. 6, 24145 Kiel
10.13981 54.31277 59 4 4 Werftstr. 199, 24143 Kiel
10.13357 54.34085 53 4 4 Holtenauer Str. 172, 24105 Kiel
10.09074 54.35133 56 8 8 Eckernförder Str. 341, 24107 Kiel
10.11809 54.30621 63 6 6 Theodor-Heuss-Ring 49, 24113 Kiel
10.19 54.33992 56 12 12 Langer Rehm 73, 24149 Kiel
10.12892 54.40478 52 16 16 Fliederweg 5, 24161 Altenholz
10.08683 54.33184 60 6 6 Redder 3, 24119 Kronshagen
10.17412 54.31401 54 8 8 Schwanenseeplatz 11, 24148 Kiel
10.17409 54.3254 55 10 10 Schönberger Str. 107, 24148 Kiel
10.13973 54.3296 60 2 2 Arnold-Heller-Str. 2, 24105 Kiel
10.18379 54.29422 53 9 9 Bebelplatz 1, 24146 Kiel
10.06988 54.30018 61 12 12 Rendsburger Landstr. 375, 24111 Kiel
10.08954 54.34486 60 8 8 Henri-Dunant-Allee 18, 24119 Kronshagen
10.08897 54.34268 59 8 8 Elsa-Brandström-Str. 18, 24119 Kronshagen
10.12355 54.40879 61 16 16 Freesenberg 35, 24161 Altenholz
10.17408 54.32037 53 9 9 Marienwerderstr. 1, 24148 Kiel
10.06607 54.30169 60 10 10 Rendsburger Landstr. 392, 24111 Kiel
10.21329 54.32005 56 14 14 Kiebitzbek 6, 24149 Kiel
10.18538 54.29424 57 9 9 Bebelplatz 18, 24146 Kiel
10.1411 54.32962 63 2 2 Arnold-Heller-Str. 3, 24105 Kiel
10.12984 54.33508 58 3 3 Knooper Weg 141, 24118 Kiel
10.0203 54.31512 60 11 11 Moorblöcken 2, 24109 Melsdorf
10.10329 54.36313 61 11 11 Am Tannenberg 73, 24106 Kiel
10.15526 54.38443 55 13 13 Schusterkrug 6, 24159 Kiel
10.1338 54.39984 62 15 15 Aukamp 56, 24161 Altenholz
10.1085 54.30408 53 5 5 Wulfsbrook 17, 24113 Kiel
10.13112 54.36282 60 8 8 Glücksburger Str. 1, 24106 Kiel
10.10194 54.30353 59 6 6 Rendsburger Landstr. 122, 24113 Kiel
10.08087 54.33005 59 9 9 Hofbrook 8, 24119 Kronshagen
10.07439 54.36123 52 11 11 Nordseestr. 5, 24107 Kiel
10.19639 54.2858 62 13 13 Reichenhaller Str. 47, 24146 Kiel
10.12374 54.39459 53 13 13 Kronsberg 1, 24161 Altenholz
10.16487 54.3951 54 15 15 Ringelnatzstr. 33, 24159 Kiel
10.07219 54.30812 65 10 10 Am Blöcken 10, 24111 Kiel
10.08235 54.29941 59 9 9 Am Russee 6, 24111 Kiel
10.1305 54.3497 58 6 6 Kappelner Str. 1, 24106 Kiel
10.12085 54.35875 60 8 8 Flensburger Str. 67, 24106 Kiel
10.18196 54.2865 58 10 10 Elmschenhagener Allee 63, 24146 Kiel
10.13694 54.38553 65 11 11 Dänischenhagener Str. 12, 24161 Altenholz
10.13757 54.35485 55 7 7 Kiellinie 263, 24106 Kiel
10.18075 54.29808 54 9 9 Innsbrucker Allee 2, 24147 Kiel
10.15669 54.39802 56 14 14 Händelweg 101, 24159 Kiel
10.13311 54.33818 59 3 3 Knooper Weg 185, 24118 Kiel
10.12809 54.29779 55 5 5 Hofteichstr. 7, 24113 Kiel
10.17404 54.41356 57 18 18 Passatstr. 1, 24159 Kiel
10.1549 54.28772 57 11 11 Stauffenberg-Ring 19, 24145 Kiel
10.13032 54.38503 57 12 12 Posener Str. 14, 24161 Altenholz
10.07247 54.29248 53 11 11 Wiepenkrog 50, 24113 Kiel
10.07182 54.33463 52 9 9 Hindenburgstr. 18, 24119 Kronshagen
10.12499 54.3264 59 2 2 Goethestr. 10, 24116 Kiel
10.0512 54.3036 52 9 9 Wittschap 1, 24111 Kiel
10.06589 54.29291 63 12 12 Wiepenkrog 78, 24113 Kiel
10.13944 54.36199 59 9 9 Zeyestr. 25, 24106 Kiel
10.12008 54.35413 57 9 9 Steenbeker Weg 4, 24106 Kiel
10.15825 54.29169 56 9 9 Sportplatzweg 1, 24145 Kiel
10.10066 54.36865 63 11 11 Stadtparkweg 18, 24106 Kiel
10.13827 54.34273 56 5 5 Blücherplatz 14, 24105 Kiel
10.07852 54.27809 52 11 11 Hamburger Landstr. 76, 24113 Molfsee
10.06317 54.29289 52 14 14 Wiepenkrog 87, 24113 Kiel
10.13816 54.3723 54 12 12 Eckenerplatz 2, 24159 Kiel
10.12685 54.30037 56 5 5 Spolertstr. 7, 24113 Kiel
10.0566 54.32698 52 10 10 Stockholmstr. 27, 24109 Kiel
10.14878 54.30784 61 5 5 Kirchenweg 53, 24143 Kiel
10.17536 54.39107 54 15 15 Christianspries 5, 24159 Kiel
10.12436 54.4034 63 16 16 Eichenweg 1, 24161 Altenholz
10.17062 54.27402 65 11 11 Zum Forst 20, 24145 Kiel
10.15651 54.38457 59 13 13 Schusterkrug 10, 24159 Kiel
10.07698 54.28328 60 11 11 Im Wiesengrund 22, 24113 Molfsee
10.18825 54.33024 52 11 11 Turnstr. 7, 24149 Kiel
10.11441 54.32074 54 3 3 Gellertstr. 3, 24114 Kiel
10.08166 54.30301 58 11 11 Rudowweg 3, 24111 Kiel
10.12705 54.32331 55 2 2 Knooper Weg 12, 24103 Kiel
10.10117 54.29413 56 6 6 Hamburger Chaussee 244, 24113 Kiel
10.09677 54.3054 53 8 8 Hasseer Str. 47, 24113 Kiel
10.17232 54.29438 60 8 8 Schlehenkamp 3, 24146 Kiel
10.19511 54.27573 53 14 14 Bachstelzenweg 26, 24146 Kiel
10.17034 54.28292 52 10 10 Segeberger Landstr. 182, 24145 Kiel
10.1177 54.39482 58 15 15 Willy-Busch-Str. 4, 24161 Altenholz
10.06124 54.32565 62 9 9 Skandinaviendamm 250, 24109 Kiel
10.17225 54.42217 58 18 18 Langenfelde 26, 24159 Kiel
10.16821 54.42824 61 19 19 Fliegender Holländer 15, 24159 Kiel
10.06284 54.27374 59 13 13 Dorfstr. 35, 24113 Molfsee
10.1524 54.37003 59 14 14 Strandstr. 1, 24159 Kiel
10.13403 54.30585 64 3 3 Bahnhofstr. 40, 24143 Kiel
10.12819 54.32688 52 2 2 Wilhelminenstr. 34, 24103 Kiel
10.13153 54.37006 65 11 11 Mählsweg 34, 24159 Kiel
10.18304 54.3294 60 10 10 Heikendorfer Weg 9, 24149 Kiel
10.10956 54.302 62 5 5 Hamburger Chaussee 137, 24113 Kiel
10.06447 54.27758 60 12 12 Wolfskamp 2, 24113 Molfsee
10.06801 54.31224 60 9 9 Russeer Weg 110, 24109 Kiel
10.1365 54.32052 53 0 0 Hafenstr. 17, 24103 Kiel
10.1761 54.3938 59 16 16 Falckensteiner Str. 39, 24159 Kiel
10.13121 54.40588 57 16 16 Alter Kieler Weg 3, 24161 Altenholz
10.15465 54.28649 62 10 10 Stauffenberg-Ring 43, 24145 Kiel
10.11892 54.40511 64 17 17 Moorredder 19, 24161 Altenholz
10.17114 54.2924 53 8 8 Schlehenkamp 17, 24146 Kiel
10.0684 54.27631 59 12 12 Osterberg 8, 24113 Molfsee
10.15701 54.38504 57 13 13 Schusterkrug 12, 24159 Kiel
10.13193 54.37285 58 10 10 Gravensteiner Str. 4, 24159 Kiel
10.1337 54.33946 57 3 3 Holtenauer Str. 154, 24105 Kiel
10.13135 54.32363 63 1 1 Fleethörn 23, 24103 Kiel
10.13903 54.28023 60 8 8 Hopfenlandsberg 8, 24145 Kiel
10.13378 54.40089 52 15 15 Aukamp 39, 24161 Altenholz
10.13907 54.2845 63 7 7 Reesenberg 23, 24145 Kiel
10.13055 54.31492 53 1 1 Sophienblatt 42, 24103 Kiel
10.07035 54.36075 62 11 11 Nordseestr. 120, 24107 Kiel
10.03423 54.3204 58 10 10 Kählenweg 2, 24109 Melsdorf
10.07164 54.33313 56 8 8 Freesenhof 1, 24119 Kronshagen
10.07088 54.36091 61 13 13 Nordseestr. 108, 24107 Kiel
10.13794 54.32003 53 0 0 Kai-Str. 1, 24103 Kiel
10.1762 54.41586 62 19 19 Seeadlerweg 47, 24159 Kiel
10.07798 54.36354 64 11 11 Wolliner Weg 8, 24107 Kiel
10.02795 54.31674 55 10 10 Radebrüche 3, 24109 Melsdorf
10.08713 54.35288 59 8 8 Ellerkrug 1, 24107 Kiel
10.08881 54.34268 58 8 8 Elsa-Brandström-Str. 20, 24119 Kronshagen
10.098 54.33777 62 6 6 Eichkoppelweg 93, 24119 Kronshagen
10.12838 54.30016 59 6 6 Maybachstr. 9, 24113 Kiel
10.13023 54.38408 62 13 13 Posener Str. 9, 24161 Altenholz
10.19304 54.33123 53 11 11 Strohredder 17, 24149 Kiel
10.08522 54.33042 63 8 8 Bürgermeister-Drews-Str. 5, 24119 Kronshagen
10.1475 54.31234 56 5 5 Johannesstr. 45, 24143 Kiel
10.12198 54.32431 61 3 3 Eckernförder Str. 34, 24116 Kiel
10.13038 54.32006 52 1 1 Ziegelteich 23, 24103 Kiel
10.12715 54.32079 57 1 1 Exerzierplatz 10, 24103 Kiel
10.12165 54.28316 52 8 8 Hilldorn 1, 24145 Kiel
10.13152 54.38566 63 12 12 Danziger Str. 1, 24161 Altenholz
10.1293 54.32712 63 2 2 Wilhelminenstr. 32, 24103 Kiel
10.17642 54.31718 59 9 9 Peter-Hansen-Str. 1, 24148 Kiel
10.12384 54.35893 54 8 8 Hohenrade 51, 24106 Kiel
10.07581 54.33601 59 9 9 Suchsdorfer Weg 6, 24119 Kronshagen
10.12046 54.33654 59 4 4 Ludewig-Meyn-Str. 14, 24118 Kiel
10.10444 54.34947 60 7 7 Meyerhofstr. 1, 24106 Kiel
10.11722 54.3541 52 8 8 Steenbeker Weg 22, 24106 Kiel
10.17007 54.31155 57 8 8 Federmannstr. 14, 24148 Kiel
10.11919 54.33231 59 4 4 Gutenbergstr. 54, 24118 Kiel
10.08306 54.29998 52 8 8 Rendsburger Landstr. 304, 24111 Kiel
10.10207 54.34127 58 6 6 Eckernförder Str. 212, 24119 Kronshagen
10.20495 54.27725 60 16 16 Zeppelinring 141, 24146 Kiel
10.13387 54.32935 62 2 2 Preußerstr. 1, 24105 Kiel
10.16983 54.42797 55 20 20 Soling 34, 24159 Kiel
10.18995 54.28675 58 11 11 Lechweg 79, 24146 Kiel
10.06542 54.32106 55 9 9 Russeer Weg 174, 24109 Kiel
10.19662 54.27686 52 14 14 Sprosserpfad 11, 24146 Kiel
10.06708 54.27717 59 12 12 Osterberg 14, 24113 Molfsee
10.11689 54.32893 64 3 3 Eckernförder Str. 91, 24116 Kiel
10.16724 54.32274 55 8 8 Schönberger Str. 162, 24148 Kiel
10.13012 54.30285 56 5 5 Tonberg 15, 24113 Kiel
10.11924 54.3336 62 3 3 Maßmannstr. 8, 24118 Kiel
10.04915 54.34012 55 11 11 Dorfstr. 41, 24107 Ottendorf
10.13794 54.32003 52 0 0 Kai-Str. 1, 24103 Kiel
10.12254 54.31975 59 2 2 Ringstr. 95, 24114 Kiel
10.16616 54.32305 62 9 9 Julienstr. 24, 24148 Kiel
10.06718 54.35616 55 14 14 Schmiedekate 13, 24107 Kiel
10.09538 54.3458 59 8 8 Waidmannsruh 5, 24119 Kronshagen
10.12881 54.28312 52 7 7 Vörstkoppel 1, 24145 Kiel
10.07947 54.36224 53 11 11 Usedomer Weg 25, 24107 Kiel
10.10194 54.30353 60 6 6 Rendsburger Landstr. 122, 24113 Kiel
10.11693 54.40238 60 16 16 Kubitzberger Weg 2, 24161 Altenholz
10.08354 54.35737 62 9 9 Eckernförder Str. 417, 24107 Kiel
10.16078 54.28901 56 9 9 Kreisauer Ring 30, 24145 Kiel
10.12774 54.32637 64 2 2 Knooper Weg 63, 24116 Kiel
10.09076 54.33856 64 8 8 Abelweg 14, 24119 Kronshagen
10.07015 54.26681 53 12 12 Stuthagen 14, 24113 Molfsee
10.1069 54.35644 54 9 9 Charles-Roß-Ring 45, 24106 Kiel
10.12483 54.28146 59 8 8 Bustorfer Weg 66, 24145 Kiel
10.18078 54.34169 53 13 13 Hasselfelde 40, 24149 Kiel
10.17697 54.31958 63 8 8 Klausdorfer Weg 102, 24148 Kiel
10.07772 54.2765 62 11 11 Hamburger Landstr. 82, 24113 Molfsee
10.10084 54.33268 52 5 5 Eschenkamp 1, 24119 Kronshagen
10.0848 54.30256 57 9 9 Achterwehrer Str. 15, 24113 Kiel
10.06076 54.2644 56 13 13 Gannerbarg 8, 24113 Molfsee
10.01108 54.34143 63 15 15 Alte Landstr. 34, 24107 Quarnbek
10.07211 54.28181 52 11 11 Rammseer Weg 59, 24113 Molfsee
10.10956 54.302 63 5 5 Hamburger Chaussee 137, 24113 Kiel
10.16737 54.39612 57 16 16 Ringelnatzstr. 23, 24159 Kiel
10.1799 54.29701 52 9 9 Tiroler Ring 28, 24147 Kiel
10.17798 54.4129 60 19 19 Priwallstr. 26, 24159 Kiel
10.09693 54.35067 59 8 8 Klausbrooker Weg 34, 24107 Kiel
10.07507 54.28224 59 11 11 Mielkendorfer Weg 5, 24113 Molfsee
10.11485 54.32726 63 4 4 Geibelallee 1, 24116 Kiel
10.17683 54.31543 58 9 9 Nissenstr. 28, 24148 Kiel
10.17221 54.32483 52 9 9 Schönberger Str. 114, 24148 Kiel
10.18651 54.25719 55 14 14 Heidenstein 2, 24145 Kiel
10.16576 54.39433 53 15 15 Fritz-Reuter-Str. 61, 24159 Kiel
10.07269 54.27701 65 12 12 Barstenkamp 17, 24113 Molfsee
10.12031 54.40474 61 16 16 Moorredder 17, 24161 Altenholz
10.18419 54.26233 57 13 13 Zum Forst 90, 24145 Kiel
10.1539 54.28292 57 10 10 Bunsenstr. 30, 24145 Kiel
10.11308 54.38881 56 15 15 Willy-Busch-Str. 6, 24161 Altenholz
10.07147 54.30916 58 10 10 Köpenicker Str. 50, 24111 Kiel
10.1065 54.32378 57 4 4 Langenbeckstr. 65, 24116 Kiel
10.15454 54.39508 62 16 16 Wagnerring 78, 24159 Kiel
10.16397 54.3017 63 7 7 Preetzer Str. 222, 24147 Kiel
10.17901 54.30117 58 8 8 Weinberg 2, 24147 Kiel
10.06823 54.30482 56 12 12 Russeer Weg 32, 24111 Kiel
10.18709 54.34081 59 12 12 Dietrichsdorfer Höhe 1, 24149 Kiel
10.15768 54.42254 53 20 20 Alter Kirchweg 20, 24159 Kiel
10.12006 54.40361 63 16 16 Rehwinkel 29, 24161 Altenholz
10.12864 54.31249 64 2 2 Sophienblatt 33, 24114 Kiel
10.14067 54.3067 61 4 4 Buschfeldstr. 14, 24143 Kiel
10.0699 54.26579 56 12 12 Kolberg 1, 24113 Molfsee
10.1289 54.32231 59 2 2 Dammstr. 21, 24103 Kiel
10.10826 54.32682 62 4 4 Kronshagener Weg 90, 24116 Kiel
10.12046 54.39743 63 14 14 Struckbrook 26, 24161 Altenholz
10.11546 54.32605 61 4 4 Westring 256, 24116 Kiel
10.17901 54.30117 60 8 8 Weinberg 2, 24147 Kiel
10.09693 54.35067 62 8 8 Klausbrooker Weg 34, 24107 Kiel
10.12644 54.28515 57 7 7 Kieler Weg 117, 24145 Kiel
10.13678 54.28332 54 7 7 Steinjörgen 3, 24145 Kiel
10.07421 54.30108 52 9 9 Erlenhorst 2, 24111 Kiel
10.03981 54.34311 58 13 13 Zum Wasserblöcken 14, 24107 Ottendorf
10.14237 54.37194 53 13 13 Wullestr. 3, 24159 Kiel
10.12675 54.37065 53 11 11 Waffenschmiede 36, 24159 Kiel
10.13557 54.39098 64 13 13 Rote Kate 16, 24161 Altenholz
10.1293 54.32712 62 2 2 Wilhelminenstr. 32, 24103 Kiel
10.13088 54.41059 63 15 15 Erdbeerfeld 2, 24161 Altenholz
10.13128 54.34438 59 5 5 Kleiststr. 39, 24118 Kiel
10.1568 54.40369 52 16 16 Dorf 10, 24159 Kiel
10.07151 54.26742 54 12 12 Stuthagen 30, 24113 Molfsee
10.07293 54.35643 63 11 11 Kellerkate 1, 24107 Kiel
10.08074 54.36168 61 10 10 Von-der-Wisch-Str. 37, 24107 Kiel
10.10777 54.35893 58 9 9 Charles-Roß-Ring 86, 24106 Kiel
10.0619 54.35479 58 12 12 Schwartenbeker Weg 67, 24107 Kiel
10.15793 54.40399 59 15 15 Dorf 11, 24159 Kiel
10.14894 54.31135 64 6 6 Stoschstr. 1, 24143 Kiel
10.14921 54.30917 59 5 5 Gaußstr. 35, 24143 Kiel
10.03138 54.31831 52 10 10 Dorfstr. 9, 24109 Melsdorf
10.12843 54.34526 59 5 5 Westring 485, 24118 Kiel
10.12217 54.32971 59 3 3 Freiligrathstr. 2, 24116 Kiel
10.13656 54.34028 62 5 5 Gefionstr. 2, 24105 Kiel
10.15705 54.39638 63 16 16 Bachweg 1, 24159 Kiel
10.03533 54.31864 62 10 10 Schneiderkoppel 27, 24109 Melsdorf
10.14764 54.31502 59 6 6 Norddeutsche Str. 25, 24143 Kiel
10.13922 54.34705 61 5 5 Feldstr. 172, 24105 Kiel
10.19384 54.33706 58 12 12 Masurenring 3, 24149 Kiel
10.13283 54.38373 64 12 12 Kolberger Weg 1, 24161 Altenholz
10.15701 54.38504 55 13 13 Schusterkrug 12, 24159 Kiel
10.20104 54.28753 57 12 12 Sonthofener Str. 31, 24146 Kiel
10.13184 54.31902 57 1 1 Ziegelteich 14, 24103 Kiel
10.17613 54.26588 56 12 12 Am Teich 11, 24145 Kiel
10.10683 54.29471 65 7 7 Vieburger Weg 1, 24113 Kiel
10.16943 54.31375 65 8 8 Franziusallee 131, 24148 Kiel
10.11314 54.27975 54 10 10 Goldregenholz 2, 24145 Kiel
10.12083 54.40299 56 16 16 Klausdorfer Str. 93, 24161 Altenholz
10.19304 54.33123 52 11 11 Strohredder 17, 24149 Kiel
10.16409 54.42048 56 18 18 Schilkseer Str. 153, 24159 Kiel
10.08651 54.35512 60 9 9 Eckernförder Str. 399, 24107 Kiel
10.15833 54.28669 64 10 10 Bonhoeffer-Weg 38, 24145 Kiel
10.12383 54.39598 60 14 14 Klintenberg 20, 24161 Altenholz
10.14582 54.31581 57 6 6 Raaschstr. 2, 24143 Kiel
10.08457 54.35391 64 9 9 Ellerkrug 35, 24107 Kiel
10.18421 54.30019 53 9 9 Grazer Str. 1, 24147 Kiel
10.14912 54.31406 60 6 6 Augustenstr. 47, 24143 Kiel
10.14341 54.37437 52 12 12 Herwarthstr. 1, 24159 Kiel
10.1614 54.29015 52 9 9 Elisabeth-Gloeden-Ring 9, 24145 Kiel
10.12535 54.39874 63 15 15 Am Buchholz 7, 24161 Altenholz
10.18194 54.31738 52 9 9 Philipp-Reis-Weg 2, 24148 Kiel
10.19173 54.33594 54 11 11 Johannisburger Str. 8, 24149 Kiel
10.16146 54.41021 64 17 17 Seekamper Weg 14, 24159 Kiel
10.2041 54.31895 54 12 12 Wehdenweg 137, 24148 Kiel
10.06434 54.26423 60 12 12 Schulstr. 4, 24113 Molfsee
10.15739 54.3848 54 13 13 Schusterkrug 13, 24159 Kiel
10.13844 54.29881 62 5 5 Diedrichstr. 31, 24143 Kiel
10.08683 54.33184 57 6 6 Redder 3, 24119 Kronshagen
10.07434 54.35231 53 11 11 Kahler Berg 29, 24107 Kiel
10.13525 54.38155 60 11 11 Dänischenhagener Str. 1, 24159 Altenholz
10.08081 54.36136 59 10 10 Von-der-Wisch-Str. 33, 24107 Kiel
10.00615 54.3428 57 16 16 Alte Landstr. 50, 24107 Quarnbek
10.1301 54.32688 58 2 2 Blumenstr. 2, 24103 Kiel
10.12939 54.357 63 7 7 Flensburger Str. 4, 24106 Kiel
10.17826 54.27024 59 12 12 Petersilienweg 8, 24145 Kiel
10.1342 54.32177 54 1 1 Fleethörn 18, 24103 Kiel
10.1436 54.31264 59 5 5 Pastor-Gosch-Weg 1, 24143 Kiel
10.09865 54.30641 63 7 7 Gärtnerstr. 54, 24113 Kiel
10.11564 54.3327 63 3 3 Gutenbergstr. 76, 24118 Kiel
10.13313 54.33446 62 3 3 Holtenauer Str. 67, 24105 Kiel
10.16921 54.42319 55 19 19 Algenweg 1, 24159 Kiel
10.18071 54.29046 54 10 10 Elmschenhagener Allee 21, 24146 Kiel
10.03392 54.3174 59 10 10 Kieler Weg 3, 24109 Melsdorf
10.16424 54.27837 60 10 10 Edisonstr. 50, 24145 Kiel
10.13119 54.38358 64 13 13 Danziger Str. 15, 24161 Altenholz
10.17717 54.30554 52 9 9 Ellerbeker Weg 125, 24147 Kiel
10.16019 54.31213 64 6 6 Erich-Kästner-Weg 21, 24143 Kiel
10.12368 54.31283 53 2 2 Michelsenstr. 15, 24114 Kiel
10.17738 54.39246 63 16 16 Möhrkestr. 11, 24159 Kiel
10.12536 54.30972 61 3 3 Königsweg 88, 24114 Kiel
10.15918 54.39617 52 15 15 Brahmsweg 16, 24159 Kiel
10.13467 54.38102 59 10 10 Boelckestr. 85, 24159 Altenholz
10.18228 54.32987 61 11 11 Heikendorfer Weg 31, 24149 Kiel
10.13409 54.33281 59 2 2 Schauenburgerstr. 26, 24105 Kiel
10.11433 54.30417 64 4 4 Hamburger Chaussee 88, 24113 Kiel
10.05958 54.26905 52 14 14 Dorfstr. 23, 24113 Molfsee
10.09341 54.3191 58 6 6 Hasselrade 10, 24114 Kiel
10.14233 54.34143 54 5 5 Esmarchstr. 3, 24105 Kiel
10.06823 54.26696 60 11 11 Hamburger Chaussee 39, 24113 Molfsee
10.15651 54.38457 61 13 13 Schusterkrug 10, 24159 Kiel
10.18139 54.33095 54 11 11 Moorblöcken 15, 24149 Kiel
10.13489 54.38858 62 13 13 Elbinger Weg 50, 24161 Altenholz
10.13136 54.33692 54 3 3 Olshausenstr. 4, 24118 Kiel
10.1331 54.32894 56 1 1 Holtenauer Str. 3, 24103 Kiel
10.08304 54.33568 62 8 8 Meddagskamp 31, 24119 Kronshagen
10.12233 54.34417 55 5 5 Neufeldstr. 7, 24118 Kiel
10.12365 54.39566 58 14 14 Klintenberg 3, 24161 Altenholz
10.02998 54.3132 62 9 9 Bahnhofstr. 21, 24109 Melsdorf
10.17816 54.31367 63 9 9 August-Sievers-Ring 1, 24148 Kiel
10.18113 54.32648 61 10 10 Am Seefischmarkt 10, 24148 Kiel
10.15565 54.34047 59 4 4 Carl-Loewe-Weg 3, 24105 Kiel
10.1832 54.33705 62 12 12 Salzredder 2, 24149 Kiel
10.06426 54.32019 54 11 11 Göteborgring 2, 24109 Kiel
10.0251 54.31882 54 11 11 Karkkamp 17, 24109 Melsdorf
10.04727 54.32702 59 11 11 Turkuring 7, 24109 Kiel
10.16506 54.29031 63 9 9 Segeberger Landstr. 91, 24145 Kiel
10.13889 54.35818 60 10 10 Warnemünder Str. 22, 24106 Kiel
10.12933 54.315 55 1 1 Ringstr. 13, 24114 Kiel
10.11466 54.32531 55 4 4 Gravelottestr. 10, 24116 Kiel
10.15394 54.28399 59 10 10 Bunsenstr. 32, 24145 Kiel
10.13167 54.36293 56 8 8 Schleusenstr. 11, 24106 Kiel
10.11238 54.29365 60 8 8 Brüggerfelde 2, 24113 Kiel
10.13368 54.34011 59 3 3 Holtenauer Str. 160, 24105 Kiel
10.1316 54.38841 56 12 12 Tilsiter Weg 1, 24161 Altenholz
10.17243 54.39437 59 17 17 Timm-Kröger-Str. 5, 24159 Kiel
10.08287 54.33327 65 7 7 Wendenstr. 16, 24119 Kronshagen
10.13179 54.3367 60 3 3 Beselerallee 70, 24105 Kiel
10.08426 54.41284 63 19 19 Dehnhöft 7, 24161 Altenholz
10.16726 54.31506 64 7 7 Ostring 318, 24148 Kiel
10.14952 54.29844 59 7 7 Segeberger Landstr. 2, 24145 Kiel
10.06883 54.33676 61 9 9 Wiesenblick 1, 24107 Ottendorf
10.15546 54.27986 57 10 10 Bunsenstr. 6, 24145 Kiel
10.1195 54.31476 55 3 3 Hasselmannstr. 9, 24114 Kiel
10.11211 54.31147 53 5 5 Saarbrückenstr. 25, 24114 Kiel
10.14327 54.30993 59 5 5 Kirchenweg 1, 24143 Kiel
10.13914 54.35472 57 8 8 Kiellinie 249, 24106 Kiel
10.16992 54.42302 65 19 19 Seesternweg 9, 24159 Kiel
10.12461 54.31698 54 2 2 Ringstr. 50, 24103 Kiel
10.10211 54.273 63 10 10 Kleinflintbeker Weg 10, 24145 Kiel
10.12873 54.31696 60 1 1 Lerchenstr. 18, 24103 Kiel
10.12616 54.30411 59 3 3 Alte Lübecker Chaussee 41, 24113 Kiel
10.17915 54.2938 53 10 10 Rüsterstr. 30, 24146 Kiel
10.11833 54.32652 56 3 3 Metzstr. 3, 24116 Kiel
10.16041 54.28199 53 11 11 Maria-Merian-Str. 7, 24145 Kiel
10.09764 54.34034 55 6 6 Siedlerkamp 1, 24119 Kronshagen
10.19288 54.3238 56 11 11 Neumühlener Str. 76, 24148 Kiel
10.14822 54.2641 56 9 9 Steindamm 129, 24145 Kiel
10.03508 54.31679 59 10 10 Kieler Weg 5, 24109 Melsdorf
10.12707 54.34206 65 5 5 Westring 444, 24118 Kiel
10.17443 54.32282 52 9 9 Danziger Str. 30, 24148 Kiel
10.13011 54.33835 57 4 4 Samwerstr. 33, 24118 Kiel
10.07196 54.27907 54 13 13 Barstenkamp 52, 24113 Molfsee
10.19661 54.33061 64 11 11 Steertsraderedder 1, 24149 Kiel
10.1346 54.36518 52 9 9 Am Kiel-Kanal 44, 24106 Kiel
10.12866 54.37076 57 11 11 Waffenschmiede 1, 24159 Kiel
10.15896 54.39471 59 16 16 Beethovenweg 53, 24159 Kiel
10.087 54.33119 56 6 6 Kieler Str. 62, 24119 Kronshagen
10.16672 54.41863 63 18 18 Auf der Wurth 11, 24159 Kiel
10.13343 54.36997 61 11 11 Jaegerallee 3, 24159 Kiel
10.13164 54.35513 62 6 6 Mercatorstr. 1, 24106 Kiel
10.14018 54.3327 59 3 3 Feldstr. 14, 24105 Kiel
10.16382 54.29022 59 9 9 Schoolkamp 99, 24145 Kiel
10.13794 54.30024 63 5 5 Diedrichstr. 9, 24143 Kiel
10.13304 54.34594 56 5 5 Holtenauer Str. 232, 24105 Kiel
10.13238 54.37255 64 11 11 Gravensteiner Str. 21, 24159 Kiel
10.10584 54.29838 52 6 6 Hamburger Chaussee 196, 24113 Kiel
10.13321 54.32902 59 2 2 Holtenauer Str. 6, 24105 Kiel
10.06638 54.31559 52 9 9 Bahrenbrooker Weg 2, 24109 Kiel
10.17413 54.30852 60 9 9 Tröndelweg 35, 24148 Kiel
10.12764 54.31143 54 2 2 Sophienblatt 64, 24114 Kiel
10.02996 54.3501 63 14 14 Wiedenkamp 5, 24107 Quarnbek
10.121 54.37047 58 12 12 Friedrich-Voß-Ufer 57, 24161 Altenholz
10.12708 54.40399 57 15 15 Altenholzer Str. 10, 24161 Altenholz
10.09013 54.32176 59 6 6 Gartenkoppel 1, 24109 Kiel
10.15318 54.29445 65 7 7 Segeberger Landstr. 19, 24145 Kiel
10.13931 54.34135 54 4 4 Esmarchstr. 21, 24105 Kiel
10.16806 54.32287 56 8 8 Schönberger Str. 161, 24148 Kiel
10.17506 54.29201 57 9 9 Im Dorfe 4, 24146 Kiel
10.12155 54.39532 53 13 13 Klausdorfer Str. 14, 24161 Altenholz
10.2149 54.32085 55 13 13 Kiebitzbek 1, 24149 Kiel
10.09265 54.31003 60 7 7 Schönwohlder Weg 2, 24113 Kiel
10.1688 54.39151 54 15 15 Julius-Fürst-Weg 99, 24159 Kiel
10.16699 54.31787 63 8 8 Franziusallee 33, 24148 Kiel
10.07905 54.33653 63 9 9 Holländerey 5, 24119 Kronshagen
10.12876 54.31582 52 1 1 Hopfenstr. 31, 24103 Kiel
10.07083 54.33529 59 9 9 Herrenwiese 21, 24119 Kronshagen
10.07955 54.36001 58 10 10 Eckernförder Str. 452, 24107 Kiel
10.07815 54.36336 54 11 11 Wolliner Weg 10, 24107 Kiel
10.13667 54.34696 60 5 5 Düvelsbeker Weg 27, 24105 Kiel
10.17062 54.39313 52 18 18 Brüttweg 1, 24159 Kiel
10.14952 54.33605 53 3 3 Luisenweg 12, 24105 Kiel
10.18612 54.32997 53 11 11 Probsteier Platz 20, 24149 Kiel
10.14458 54.30876 58 5 5 Kirchenweg 18, 24143 Kiel
10.16068 54.39845 52 17 17 Wilhelm-Lobsien-Weg 12, 24159 Kiel
10.11178 54.33321 53 4 4 Eckernförder Str. 153, 24116 Kiel
10.1313 54.31593 65 2 2 Sophienblatt 36, 24103 Kiel
10.1829 54.33319 55 11 11 Heikendorfer Weg 68, 24149 Kiel
10.19562 54.28695 65 13 13 Innweg 2, 24146 Kiel
10.01757 54.31566 54 11 11 Quarnbeker Weg 1, 24109 Melsdorf
10.11038 54.35796 53 9 9 Charles-Roß-Ring 118, 24106 Kiel
10.04224 54.33941 61 13 13 Rammskrug 2, 24107 Ottendorf
10.14343 54.33255 55 3 3 Niemannsweg 2, 24105 Kiel
10.11989 54.32034 63 2 2 Zastrowstr. 12, 24114 Kiel
10.13069 54.36072 62 9 9 Schleusenstr. 1, 24106 Kiel
10.07111 54.3007 54 10 10 Rendsburger Landstr. 367, 24111 Kiel
10.14218 54.30968 65 5 5 Mühlenstr. 20, 24143 Kiel
10.12758 54.32025 62 2 2 Prüner Gang 14, 24103 Kiel
10.15534 54.29134 56 8 8 Hansahöhe 1, 24145 Kiel
10.09011 54.34207 52 7 7 Fußsteigkoppel 34, 24119 Kronshagen
9.98678 54.33207 54 15 15 Am Breitschlag 5, 24107 Quarnbek
10.16412 54.29317 54 10 10 Buschkoppel 19, 24145 Kiel
10.08559 54.35324 64 9 9 Klinkerwisch 51, 24107 Kiel
10.16412 54.29317 61 10 10 Buschkoppel 19, 24145 Kiel
10.12775 54.3344 58 3 3 Alsenstr. 12, 24118 Kiel
10.10494 54.34708 53 7 7 Olshausenstr. 77, 24106 Kiel
10.02989 54.31728 57 10 10 Dorfstr. 30, 24109 Melsdorf
10.15332 54.26129 62 9 9 Goldberg 10, 24145 Kiel
10.21098 54.32614 52 12 12 Trenntrader Weg 3, 24149 Kiel
10.15362 54.25719 55 10 10 Zum Schlüsbeker Moor 54, 24145 Kiel
9.98805 54.33428 57 15 15 Sturenberg 61, 24107 Quarnbek
10.1829 54.33319 59 11 11 Heikendorfer Weg 68, 24149 Kiel
9.98973 54.33868 56 16 16 Sturenberg 37, 24107 Quarnbek
10.11919 54.33231 57 4 4 Gutenbergstr. 54, 24118 Kiel
10.12664 54.39801 59 14 14 Langkoppel 11, 24161 Altenholz
10.13406 54.28566 53 6 6 Poppenkamp 2, 24145 Kiel
10.12111 54.30433 61 4 4 Theodor-Heuss-Ring 61, 24113 Kiel
10.12377 54.33 52 4 4 Schiller-Str. 22, 24116 Kiel
10.17553 54.393 56 16 16 An der Schanze 32, 24159 Kiel
10.07347 54.3613 58 11 11 Nordseestr. 50, 24107 Kiel
10.07451 54.35266 52 12 12 Kahler Berg 41, 24107 Kiel
10.13224 54.35121 65 6 6 Holtenauer Str. 278, 24106 Kiel
10.19479 54.27685 57 13 13 Bachstelzenweg 2, 24146 Kiel
10.18985 54.33391 54 11 11 Langer Rehm 4, 24149 Kiel
10.16019 54.39909 65 18 18 Wilhelm-Lobsien-Weg 8, 24159 Kiel
10.10267 54.36377 59 12 12 Am Tannenberg 86, 24106 Kiel
10.19236 54.32495 57 11 11 Passader Str. 11, 24148 Kiel
10.06153 54.30254 55 12 12 Johann-Heuck-Str. 40, 24111 Kiel
10.09069 54.35684 52 9 9 Schneiderkamp 32, 24107 Kiel
10.13058 54.39896 60 15 15 Ohlandbogen 53, 24161 Altenholz
10.16927 54.4009 53 16 16 Grüffkamp 2, 24159 Kiel
10.14972 54.34644 62 6 6 Bismarckallee 1, 24105 Kiel
10.1899 54.33873 54 12 12 Langer Rehm 61, 24149 Kiel
10.12119 54.39259 53 14 14 Kronsberg 17, 24161 Altenholz
10.07013 54.31748 58 8 8 Im Waldwinkel 21, 24109 Kiel
10.11342 54.281 63 10 10 Anemonenweg 21, 24145 Kiel
10.0879 54.2826 53 10 10 Eschenbrook 21, 24113 Molfsee
10.13452 54.30401 58 5 5 Oldesloer Str. 5, 24143 Kiel
10.1305 54.32927 64 2 2 Mittelstr. 1, 24103 Kiel
10.1443 54.31467 64 6 6 Kieler Str. 11, 24143 Kiel
10.13481 54.34368 61 4 4 Nettelbeckstr. 3, 24105 Kiel
10.16667 54.31674 54 7 7 Probsteier Str. 1, 24148 Kiel
10.07607 54.30092 54 11 11 Moorblek 1, 24111 Kiel
10.14757 54.34372 61 6 6 Niemannsweg 147, 24105 Kiel
10.08344 54.30215 62 11 11 Redderkamp 211, 24111 Kiel
10.05703 54.26921 59 14 14 Poggenkrugsweg 2, 24113 Molfsee
10.13771 54.33516 57 3 3 Adolfstr. 38, 24105 Kiel
10.13822 54.3392 63 4 4 Wrangelstr. 33, 24105 Kiel
10.12043 54.32844 55 4 4 Theodor-Storm-Str. 4, 24116 Kiel
10.08613 54.32923 60 7 7 Bürgermeister-Drews-Str. 31, 24119 Kronshagen
10.17021 54.42147 58 18 18 Klabautermanngang 1, 24159 Kiel
10.07821 54.3507 65 10 10 Holmredder 54, 24107 Kiel
10.12564 54.32036 57 2 2 Prüne 30, 24103 Kiel
10.10828 54.36322 62 10 10 Projensdorfer Str. 274, 24106 Kiel
10.13122 54.28144 52 8 8 Justdiek 4, 24145 Kiel
10.17681 54.26952 55 12 12 Zum Forst 50, 24145 Kiel
10.12615 54.33202 63 2 2 Saldernstr. 12, 24118 Kiel
10.07524 54.30043 62 9 9 Rendsburger Landstr. 339, 24111 Kiel
10.07265 54.35403 61 12 12 Bullenbrook 1, 24107 Kiel
10.09359 54.41272 65 18 18 Kubitzberg 11, 24161 Altenholz
10.16618 54.3931 61 16 16 Steenbarg 11, 24159 Kiel
10.13961 54.32835 52 2 2 Brunswiker Str. 24, 24105 Kiel
10.05503 54.3211 61 11 11 Osloring 41, 24109 Kiel
10.13321 54.33516 56 3 3 Holtenauer Str. 83, 24105 Kiel
10.10375 54.30508 53 6 6 Braustr. 6, 24113 Kiel
10.12821 54.33632 59 4 4 Samwerstr. 1, 24118 Kiel
10.07723 54.28359 58 11 11 Im Wiesengrund 33, 24113 Molfsee
10.16175 54.39026 54 15 15 Fritz-Reuter-Str. 19, 24159 Kiel
10.05985 54.31549 64 10 10 Emkendorfer Weg 2, 24109 Kiel
10.1071 54.3065 61 5 5 Christianistr. 1, 24113 Kiel
10.0499 54.31334 64 10 10 Langelandweg 1, 24109 Kiel
10.07366 54.27745 56 12 12 Barstenkamp 24, 24113 Molfsee
10.17901 54.30117 52 8 8 Weinberg 2, 24147 Kiel
10.10836 54.32125 57 4 4 Robert-Koch-Str. 1, 24116 Kiel
10.13122 54.28144 61 8 8 Justdiek 4, 24145 Kiel
10.19591 54.29378 62 11 11 Starnberger Str. 24, 24146 Kiel
10.06602 54.27762 61 12 12 Osterberg 27, 24113 Molfsee
10.15088 54.3361 60 3 3 Karolinenweg 1, 24105 Kiel
10.18637 54.29562 57 10 10 Preetzer Chaussee 200, 24146 Kiel
10.13464 54.38704 58 12 12 Insterburger Weg 3, 24161 Altenholz
10.16597 54.42604 53 19 19 Tempest 24, 24159 Kiel
10.10083 54.37709 59 15 15 Knooper Dorfstr. 1, 24161 Altenholz
10.08687 54.32821 52 7 7 Bürgermeister-Drews-Str. 47, 24119 Kronshagen
10.14441 54.31431 57 6 6 Kieler Str. 12, 24143 Kiel
10.07196 54.27907 54 13 13 Barstenkamp 52, 24113 Molfsee
10.15879 54.39764 53 14 14 Ottomar-Enking-Str. 79, 24159 Kiel
10.09799 54.31938 57 5 5 Hasseldieksdammer Weg 181, 24114 Kiel
10.19 54.33992 56 12 12 Langer Rehm 73, 24149 Kiel
10.18349 54.29685 52 8 8 Tiroler Ring 2, 24147 Kiel
10.18661 54.28514 54 11 11 Pottberghöhe 11, 24146 Kiel
10.20643 54.31902 65 12 12 Wehdenweg 137, 24148 Kiel
10.08831 54.33912 57 7 7 Kopperpahler Allee 79, 24119 Kronshagen
10.13555 54.35712 61 10 10 Im Anscharpark 12, 24106 Kiel
10.17089 54.39359 65 17 17 Brüttweg 2, 24159 Kiel
10.1742 54.29602 54 9 9 Dorfstr. 1, 24146 Kiel
10.16556 54.31689 60 8 8 Hollmannstr. 27, 24148 Kiel
10.05056 54.32498 58 10 10 Vaasastr. 6, 24109 Kiel
10.04213 54.30334 63 8 8 Rendsburger Landstr. 504, 24109 Melsdorf
10.12173 54.35896 59 8 8 Flensburger Str. 66, 24106 Kiel
10.07049 54.29447 54 12 12 Damaschkeweg 52, 24113 Kiel
10.07126 54.35964 52 13 13 Hoogewinkel 50, 24107 Kiel
10.16834 54.28639 53 10 10 Kirchenberg 3, 24145 Kiel
10.12494 54.3978 64 14 14 Schoolredder 2, 24161 Altenholz
10.1658 54.39305 59 15 15 Steenbarg 7, 24159 Kiel
10.17656 54.41456 61 19 19 Graf-Luckner-Str. 62, 24159 Kiel
10.13318 54.30637 53 3 3 Bahnhofstr. 29, 24143 Kiel
10.07591 54.30482 64 13 13 Käthe-Kollwitz-Pfad 1, 24111 Kiel
10.18237 54.28899 65 10 10 Elmschenhagener Allee 41, 24146 Kiel
10.14223 54.28746 52 7 7 Poppenbrügger Weg 39, 24145 Kiel
10.15655 54.39332 55 16 16 Buschblick 22, 24159 Kiel
10.1326 54.33908 59 3 3 Im Brauereiviertel 8, 24118 Kiel
10.14829 54.30567 54 5 5 Ostring 100, 24143 Kiel
10.07096 54.28722 57 11 11 Eiderbrook 51, 24113 Kiel
10.10211 54.35131 55 10 10 Tönniesstr. 1, 24106 Kiel
10.1953 54.27488 63 14 14 Hof Kroog 6, 24146 Kiel
10.11424 54.27979 53 9 9 Anemonenweg 2, 24145 Kiel
10.15315 54.3151 52 6 6 Kaiserstr. 2, 24143 Kiel
10.07777 54.33177 56 7 7 Domänenweg 1, 24119 Kronshagen
10.14921 54.30551 52 5 5 Greifstr. 4, 24143 Kiel
10.13447 54.3353 65 3 3 Waitzstr. 44, 24105 Kiel
10.20444 54.27804 54 16 16 Rarsrott 1, 24146 Kiel
10.13336 54.31701 52 1 1 Auguste-Viktoria-Str. 6, 24103 Kiel
10.14404 54.36077 53 9 9 Zeyestr. 1, 24106 Kiel
10.09992 54.3322 60 5 5 Eschenkamp 5, 24119 Kronshagen
10.12427 54.30038 61 5 5 Von-der-Goltz-Allee 73, 24113 Kiel
10.10143 54.34855 59 8 8 Jacobystr. 1, 24106 Kiel
10.17262 54.41835 59 17 17 Behmweg 1, 24159 Kiel
10.14407 54.31126 52 4 4 Schulstr. 42, 24143 Kiel
10.06852 54.28083 54 14 14 Wollbergsredder 4, 24113 Molfsee
10.17198 54.32205 53 9 9 Danziger Str. 54, 24148 Kiel
10.07291 54.30257 56 10 10 Grömmsche Koppel 2, 24111 Kiel
10.12503 54.3321 63 2 2 Hansastr. 4, 24118 Kiel
10.0695 54.35304 52 14 14 Weiden 1, 24107 Kiel
10.13169 54.28166 53 7 7 Justdiek 1, 24145 Kiel
10.09848 54.31934 56 6 6 Hasseldieksdammer Weg 179, 24114 Kiel
10.10215 54.27508 65 9 9 Meimersdorfer Weg 211, 24145 Kiel
10.09677 54.3054 59 8 8 Hasseer Str. 47, 24113 Kiel
10.08215 54.28514 58 11 11 Am Hang 1, 24113 Molfsee
10.12501 54.34268 60 5 5 Siemensstr. 6, 24118 Kiel
10.13662 54.38764 52 12 12 Allensteiner Weg 17, 24161 Altenholz
10.01108 54.34143 54 15 15 Alte Landstr. 34, 24107 Quarnbek
10.1809 54.31417 57 9 9 August-Sievers-Ring 2, 24148 Kiel
10.05972 54.3512 55 12 12 Schwartenbeker Weg 61, 24107 Kiel
10.05142 54.31845 62 10 10 Osloring 10, 24109 Kiel
10.0716 54.3066 60 11 11 Am Blöcken 41, 24111 Kiel
9.9913 54.34178 62 17 17 Möhlenbarg 13, 24107 Quarnbek
10.03386 54.31801 65 10 10 Schneiderkoppel 1, 24109 Melsdorf
10.13402 54.35928 58 8 8 Adalbertstr. 35, 24106 Kiel
10.08873 54.28913 53 8 8 Hamburger Landstr. 4, 24113 Molfsee
10.1196 54.40555 52 16 16 Moorredder 24, 24161 Altenholz
10.18754 54.39044 59 20 20 Deichweg 24, 24159 Kiel
10.1307 54.38762 53 12 12 Königsberger Str. 1, 24161 Altenholz
10.0808 54.36357 62 12 12 Hiddenseer Weg 21, 24107 Kiel
10.13315 54.34404 59 4 4 Holtenauer Str. 206, 24105 Kiel
10.16915 54.42178 52 18 18 Schlimbachallee 26, 24159 Kiel
10.15145 54.31392 52 6 6 Kaiserstr. 14, 24143 Kiel
10.13069 54.36072 52 9 9 Schleusenstr. 1, 24106 Kiel
10.13359 54.38884 55 13 13 Elbinger Weg 79, 24161 Altenholz
10.13456 54.32062 61 0 0 Holstenstr. 55, 24103 Kiel
10.0701 54.31804 53 8 8 Im Waldwinkel 11, 24109 Kiel
10.13224 54.35045 59 5 5 Holtenauer Str. 257, 24106 Kiel
10.1374 54.32251 63 1 1 Faulstr. 2, 24103 Kiel
10.13781 54.34528 62 5 5 Scharnhorststr. 23, 24105 Kiel
10.1313 54.33887 64 4 4 Im Brauereiviertel 34, 24118 Kiel
10.12363 54.30197 64 5 5 Hornheimer Weg 15, 24113 Kiel
10.10582 54.3504 60 8 8 Olshausenstr. 100, 24106 Kiel
10.18727 54.28739 53 11 11 Illerweg 14, 24146 Kiel
10.18406 54.33084 55 11 11 Geldbeutel 1, 24149 Kiel
10.16726 54.31506 64 7 7 Ostring 318, 24148 Kiel
9.99284 54.34124 63 17 17 Mönkbergseck 16, 24107 Quarnbek
10.14748 54.30752 59 5 5 Gazellestr. 3, 24143 Kiel
10.03006 54.3175 59 10 10 Dorfstr. 11, 24109 Melsdorf
10.07524 54.36344 60 11 11 Rügenweg 16, 24107 Kiel
10.08275 54.35874 52 9 9 Sukoring 2, 24107 Kiel
10.12387 54.40319 62 16 16 Ahornallee 8, 24161 Altenholz
10.07995 54.35802 62 11 11 Amrumring 2, 24107 Kiel
10.08793 54.29574 62 9 9 Speckenbeker Weg 116, 24113 Kiel
10.09864 54.34676 56 7 7 Siedlung Lebensfreude 19, 24119 Kronshagen
10.10257 54.30459 65 6 6 Streitkamp 7, 24113 Kiel
10.19468 54.29077 64 10 10 Allgäuer Str. 18, 24146 Kiel
10.13447 54.3353 59 3 3 Waitzstr. 44, 24105 Kiel
10.15616 54.3953 53 15 15 Wagnerring 128, 24159 Kiel
10.14762 54.27815 64 9 9 Borsigstr. 12, 24145 Kiel
10.14433 54.36282 53 10 10 Mecklenburger Str. 41, 24106 Kiel
10.14206 54.29013 59 7 7 Kuhlacker 1, 24145 Kiel
10.09892 54.28507 53 9 9 Meimersdorfer Weg 95, 24145 Kiel
9.99242 54.34096 52 17 17 Mönkbergseck 24, 24107 Quarnbek
10.08539 54.35267 58 9 9 Klinkerwisch 45, 24107 Kiel
10.10958 54.30446 52 6 6 Karpfenteich 13, 24113 Kiel
10.08939 54.34427 56 8 8 Albert-Einstein-Str. 1, 24119 Kronshagen
10.17262 54.41835 64 17 17 Behmweg 1, 24159 Kiel
10.19678 54.28134 56 13 13 Rönner Weg 70, 24146 Kiel
10.10607 54.35747 61 9 9 Charles-Roß-Ring 64, 24106 Kiel
10.13484 54.31992 58 0 0 Andreas-Gayk-Str. 23, 24103 Kiel
10.15932 54.40393 59 15 15 Hof Pries 33, 24159 Kiel
10.12423 54.40163 56 15 15 Linden-Allee 106, 24161 Altenholz
10.05719 54.33272 59 12 12 Spitzbergenweg 68, 24109 Kiel
10.17107 54.39213 56 17 17 Oldestr. 40, 24159 Kiel
10.12759 54.32383 63 2 2 Waisenhofstr. 44, 24103 Kiel
10.07389 54.33907 52 10 10 Apenrader Weg 14, 24119 Kronshagen
10.15212 54.37101 60 14 14 Strandstr. 9, 24159 Kiel
10.15409 54.34046 61 4 4 Niemannsweg 110, 24105 Kiel
9.96794 54.34068 59 19 19 Holm 11, 24107 Quarnbek
10.11759 54.35653 55 8 8 Gurlittstr. 2, 24106 Kiel
10.11038 54.35796 59 9 9 Charles-Roß-Ring 118, 24106 Kiel
10.13504 54.29014 64 6 6 Kieler Kamp 9, 24145 Kiel
10.13263 54.38246 58 13 13 Breslauer Str. 7, 24161 Altenholz
10.09491 54.34993 62 8 8 Klausbrooker Weg 7, 24107 Kronshagen
10.12138 54.3321 62 3 3 Gutenbergstr. 40, 24118 Kiel
10.12052 54.40578 55 16 16 Freesenberg 67, 24161 Altenholz
10.04585 54.31686 54 10 10 Aalborgring 56, 24109 Kiel
9.97333 54.32507 60 15 15 Lerchenkamp 1, 24107 Quarnbek
10.189 54.33334 55 12 12 Ivensring 5, 24149 Kiel
10.14091 54.32414 62 1 1 Dänische Str. 3, 24103 Kiel
10.13304 54.40049 59 15 15 Aukamp 11, 24161 Altenholz
10.11734 54.41574 58 16 16 Postkamp 1, 24161 Altenholz
10.02967 54.31655 65 10 10 Dorfstr. 36, 24109 Melsdorf
10.11563 54.34096 60 5 5 Olshausenstr. 64, 24118 Kiel
10.0913 54.33278 57 6 6 Hasselkamp 56, 24119 Kronshagen
10.07392 54.30669 62 13 13 Dahlemer Weg 3, 24111 Kiel
10.09256 54.34376 60 8 8 Albert-Schweitzer-Str. 2, 24119 Kronshagen
10.16726 54.31506 60 7 7 Ostring 318, 24148 Kiel
10.12256 54.36034 53 10 10 Flensburger Str. 89, 24106 Kiel
10.18228 54.32987 59 11 11 Heikendorfer Weg 31, 24149 Kiel
10.08576 54.3073 64 12 12 Spreeallee 288, 24111 Kiel
10.13235 54.38298 54 12 12 Kolberger Weg 5, 24161 Altenholz
10.13637 54.38818 63 13 13 Allensteiner Weg 35, 24161 Altenholz
10.11675 54.27411 54 10 10 Moorseer Weg 2, 24145 Kiel
10.16119 54.3896 58 15 15 Stromeyerallee 2, 24159 Kiel
10.12587 54.31626 58 2 2 Ringstr. 34, 24103 Kiel
10.15486 54.28461 54 11 11 Wellseedamm 10, 24145 Kiel
10.12655 54.37547 58 11 11 Am Jägersberg 10, 24161 Altenholz
10.07801 54.35701 58 10 10 Föhrer Weg 1, 24107 Kiel
10.18826 54.33231 65 12 12 Quittenstr. 21, 24149 Kiel
10.1331 54.32894 55 1 1 Holtenauer Str. 3, 24103 Kiel
10.07815 54.30565 63 11 11 Spreeallee 73, 24111 Kiel
10.03305 54.31194 59 8 8 Rotenhofer Weg 18, 24109 Melsdorf
10.07772 54.2765 59 11 11 Hamburger Landstr. 82, 24113 Molfsee
10.12306 54.32415 59 3 3 Sternstr. 11, 24103 Kiel
10.09677 54.3054 59 8 8 Hasseer Str. 47, 24113 Kiel
10.10464 54.30566 60 6 6 Gärtnerstr. 2, 24113 Kiel
10.07318 54.33469 55 8 8 Hindenburgstr. 2, 24119 Kronshagen
10.18221 54.33464 60 12 12 Heikendorfer Weg 80, 24149 Kiel
10.13672 54.31179 63 4 4 An der Halle 400 1, 24143 Kiel
10.09373 54.34958 53 8 8 Klausbrooker Weg 4, 24107 Kronshagen
10.1349 54.38927 55 13 13 Elbinger Weg 92, 24161 Altenholz
10.07249 54.31421 52 9 9 Am Lindenhof 15, 24109 Kiel
10.15172 54.26247 64 9 9 Zum Schlüsbeker Moor 14, 24145 Kiel
10.01921 54.31456 64 11 11 Moorblöcken 6, 24109 Melsdorf
10.06842 54.27835 52 13 13 Osterwisch 16, 24113 Molfsee
10.09579 54.34503 56 8 8 Waidmannsruh 33, 24119 Kronshagen
10.11388 54.29681 65 7 7 Pestalozzistr. 59, 24113 Kiel
10.16704 54.31019 65 8 8 Drewsstr. 23, 24148 Kiel
10.14027 54.32816 53 2 2 Brunswiker Str. 27, 24105 Kiel
10.10237 54.33014 57 5 5 Mühlenweg 118, 24116 Kiel
10.14747 54.34461 52 7 7 Niemannsweg 149, 24105 Kiel
10.06367 54.27826 59 13 13 Wolfskamp 25, 24113 Molfsee
10.15378 54.40574 52 16 16 Uhlenhorster Weg 18, 24159 Kiel
10.14384 54.32391 57 0 0 Wall 70, 24103 Kiel
10.11635 54.29563 56 7 7 Krummbogen 80, 24113 Kiel
10.11528 54.31705 52 4 4 Boiestr. 14, 24114 Kiel
10.08187 54.35289 55 9 9 Alter Viedamm 21, 24107 Kiel
10.04683 54.31712 56 10 10 Aalborgring 40, 24109 Kiel
10.05376 54.33388 56 12 12 Lofotenweg 151, 24109 Kiel
10.12304 54.31901 52 2 2 Ringstr. 76, 24103 Kiel
10.13441 54.34454 61 5 5 Kleiststr. 15, 24105 Kiel
10.14016 54.28232 55 9 9 Reesenberg 39, 24145 Kiel
10.14258 54.32807 55 2 2 Fleckenstr. 4, 24105 Kiel
10.08545 54.29144 59 9 9 Speckenbeker Weg 56, 24113 Kiel
10.17901 54.31812 61 9 9 Klausdorfer Weg 167, 24148 Kiel
10.07223 54.36148 63 11 11 Pellwormer Weg 41, 24107 Kiel
10.12335 54.39671 56 14 14 Klintenberg 46, 24161 Altenholz
10.08561 54.35512 52 9 9 Nienbrügger Weg 6, 24107 Kiel
10.11048 54.3008 61 6 6 Pestalozzistr. 9, 24113 Kiel
10.09278 54.29604 52 9 9 Speckenbeker Weg 140, 24113 Kiel
10.08985 54.34369 57 7 7 Henri-Dunant-Allee 15, 24119 Kronshagen
10.1799 54.29701 65 9 9 Tiroler Ring 28, 24147 Kiel
10.10599 54.36078 56 10 10 Am Tannenberg 33, 24106 Kiel
10.1672 54.42189 57 18 18 Schilkseer Str. 172, 24159 Kiel
10.14909 54.31086 59 5 5 Iltisstr. 3, 24143 Kiel
10.07931 54.301 53 9 9 Stiller Winkel 1, 24111 Kiel
10.17399 54.31897 65 9 9 Stille Gasse 2, 24148 Kiel
10.0708 54.31897 55 9 9 Am Wohld 2, 24109 Kiel
10.13552 54.28809 57 6 6 Poppenbrügger Weg 7, 24145 Kiel
10.11654 54.30124 52 5 5 Krusenrotter Weg 71, 24113 Kiel
10.16268 54.38973 54 15 15 Fontanestr. 1, 24159 Kiel
10.14597 54.28817 58 8 8 Kieler Kamp 99, 24145 Kiel
10.16829 54.3201 56 9 9 Klausdorfer Weg 31, 24148 Kiel
10.08567 54.29062 59 9 9 Speckenbeker Weg 48, 24113 Kiel
10.12317 54.32463 54 3 3 Jungfernstieg 30, 24116 Kiel
10.07998 54.33659 55 10 10 Holländerey 9, 24119 Kronshagen
10.06291 54.26537 59 12 12 Hofberg 9, 24113 Molfsee
10.11654 54.30124 55 5 5 Krusenrotter Weg 71, 24113 Kiel
10.1728 54.39615 55 17 17 Friedrichsorter Str. 4, 24159 Kiel
10.06945 54.31439 59 9 9 Bormkoppel 2, 24109 Kiel
10.0012 54.33532 57 16 16 Ziegelhofer Weg 13, 24107 Quarnbek
10.087 54.33119 64 6 6 Kieler Str. 62, 24119 Kronshagen
10.14498 54.31281 56 5 5 Schulstr. 29, 24143 Kiel
10.0904 54.32961 62 6 6 Kieler Str. 22, 24119 Kronshagen
10.09419 54.34971 57 8 8 Klausbrooker Weg 5, 24107 Kiel
10.18561 54.29743 52 10 10 Tiroler Ring 702, 24147 Kiel
10.08545 54.29144 62 9 9 Speckenbeker Weg 56, 24113 Kiel
10.1848 54.29238 56 9 9 Trautenauer Weg 2, 24146 Kiel
10.13235 54.28712 54 7 7 Kieler Weg 166, 24145 Kiel
10.15985 54.29215 54 8 8 Segeberger Landstr. 61, 24145 Kiel
10.12299 54.31531 52 2 2 Papenkamp 24, 24114 Kiel
10.13711 54.31338 64 4 4 Zur Helling 4, 24143 Kiel
10.06782 54.35595 54 12 12 Pferdehof 10, 24107 Kiel
10.18291 54.33651 52 12 12 Heikendorfer Weg 96, 24149 Kiel
10.12044 54.30596 65 3 3 Hamburger Chaussee 53, 24113 Kiel
10.06315 54.26107 52 12 12 Hamburger Chaussee 8, 24113 Molfsee
10.10584 54.29838 55 6 6 Hamburger Chaussee 196, 24113 Kiel
10.1383 54.27979 59 8 8 Barkauer Str. 109, 24145 Kiel
10.07295 54.27354 61 12 12 Am Museum 8, 24113 Molfsee
10.0734 54.30187 54 10 10 Erlenhorst 18, 24111 Kiel
10.12782 54.31454 53 2 2 Hopfenstr. 2, 24114 Kiel
10.11019 54.32592 52 5 5 Nietzschestr. 1, 24116 Kiel
10.11664 54.32532 64 3 3 Metzstr. 33, 24116 Kiel
10.18372 54.32549 55 9 9 Gabelsbergerstr. 3, 24148 Kiel
10.05647 54.3224 63 10 10 Bergenring 40, 24109 Kiel
10.0497 54.30265 55 9 9 Rendsburger Landstr. 485, 24111 Kiel
10.17545 54.31997 63 9 9 Klausdorfer Weg 77, 24148 Kiel
10.12503 54.3321 60 2 2 Hansastr. 4, 24118 Kiel
10.10152 54.35499 56 10 10 Elfriede-Dietrich-Str. 58, 24106 Kiel
10.11048 54.3008 58 6 6 Pestalozzistr. 9, 24113 Kiel
10.06803 54.31593 56 8 8 Klingkoppel 1, 24109 Kiel
10.13492 54.30641 52 3 3 Schwedendamm 8, 24143 Kiel
10.1151 54.31869 61 3 3 Gellertstr. 25, 24114 Kiel
10.12877 54.33337 54 3 3 Schauenburgerstr. 58, 24105 Kiel
10.0546 54.31898 60 11 11 Osloring 15, 24109 Kiel
10.14417 54.33284 58 3 3 Kirchenstr. 6, 24105 Kiel
10.19643 54.32442 60 10 10 Wehdenweg 51, 24148 Kiel
10.098 54.34442 59 7 7 Eckernförder Str. 307, 24119 Kronshagen
10.13261 54.37552 65 11 11 Immelmann-Str. 13, 24159 Kiel
10.12017 54.30131 59 5 5 Amselsteig 1, 24113 Kiel
10.06126 54.30223 56 11 11 Johann-Heuck-Str. 36, 24111 Kiel
10.12365 54.30275 59 4 4 Im Winkel 1, 24113 Kiel
