1001
10.13847 54.32255 0 0 0 Holstenstr. 12, 24103 Kiel
10.06509 54.26643 76 13 13 Catharinenberg 13, 24113 Molfsee
10.07589 54.27514 82 11 11 Hamburger Landstr. 96, 24113 Molfsee
10.12536 54.30972 75 3 3 Königsweg 88, 24114 Kiel
10.14484 54.28341 77 9 9 Hopfenlandsberg 50, 24145 Kiel
10.15928 54.31285 78 6 6 Ernestinenstr. 34, 24143 Kiel
10.19146 54.29165 70 10 10 Troppauer Str. 39, 24146 Kiel
10.12572 54.39935 84 14 14 Am Buchholz 1, 24161 Altenholz
10.2067 54.32416 80 13 13 Landweg 6, 24149 Kiel
10.12376 54.40083 79 15 15 Linden-Allee 84, 24161 Altenholz
10.19591 54.29378 71 11 11 Starnberger Str. 24, 24146 Kiel
10.1337 54.33946 74 3 3 Holtenauer Str. 154, 24105 Kiel
10.16947 54.32126 75 8 8 Wellingdorfer Str. 4, 24148 Kiel
10.07917 54.36451 75 12 12 Hiddenseer Weg 17, 24107 Kiel
10.14386 54.30734 68 4 4 Kaiserstr. 97, 24143 Kiel
10.19241 54.32566 74 10 10 Passader Str. 3, 24148 Kiel
10.16268 54.38973 76 15 15 Fontanestr. 1, 24159 Kiel
10.13312 54.28894 71 5 5 Barkauer Str. 2, 24145 Kiel
10.0735 54.29475 71 11 11 Damaschkeweg 50, 24113 Kiel
10.08298 54.35186 70 9 9 Alter Viedamm 49, 24107 Kiel
10.13752 54.31444 82 5 5 Am Germaniahafen 5, 24143 Kiel
10.10188 54.3108 75 7 7 Ottweilerstr. 3, 24114 Kiel
10.14222 54.32187 82 0 0 Wall 48, 24103 Kiel
10.11854 54.40481 68 16 16 Moorredder 19, 24161 Altenholz
10.04416 54.31329 83 11 11 Ripener Weg 1, 24109 Kiel
10.07548 54.27651 73 12 12 Rammsmoor 27, 24113 Molfsee
10.08956 54.31974 79 7 7 Hofholzallee 20, 24109 Kiel
10.18075 54.29808 83 9 9 Innsbrucker Allee 2, 24147 Kiel
10.10396 54.30996 82 6 6 Mettlachstr. 4, 24114 Kiel
10.09066 54.32872 77 6 6 Auf der Tenne 1, 24119 Kronshagen
10.11844 54.35947 78 10 10 Langenrade 16, 24106 Kiel
10.07128 54.26776 76 12 12 Stuthagen 23, 24113 Molfsee
10.19846 54.29356 76 11 11 Heimstättenstr. 12, 24146 Kiel
10.13369 54.32015 76 1 1 Schevenbrücke 7, 24103 Kiel
10.13042 54.31791 78 1 1 Hopfenstr. 60, 24103 Kiel
10.07155 54.30307 79 10 10 Redderkamp 20, 24111 Kiel
10.07772 54.2765 68 11 11 Hamburger Landstr. 82, 24113 Molfsee
10.0259 54.32538 68 12 12 Kählenweg 12, 24109 Melsdorf
10.05593 54.34134 71 11 11 Kiewittsholm 1, 24107 Ottendorf
10.0577 54.32888 67 10 10 Stockholmstr. 159, 24109 Kiel
10.06834 54.26467 69 12 12 Eiderwiesenweg 8, 24113 Molfsee
10.1742 54.42213 69 18 18 Möwenweg 5, 24159 Kiel
10.10319 54.27476 71 9 9 Meimersdorfer Weg 214, 24145 Kiel
10.12016 54.31509 82 4 4 Hasselmannstr. 12, 24114 Kiel
10.12361 54.31976 68 2 2 Adelheidstr. 4, 24103 Kiel
10.07578 54.31558 68 9 9 Hasselteich 1, 24109 Kiel
10.12908 54.36984 69 11 11 Geheimrat-Schultz-Weg 1, 24159 Kiel
10.12761 54.35647 80 7 7 Büsumer Weg 53, 24106 Kiel
10.17395 54.39717 74 17 17 Brammerkamp 1, 24159 Kiel
10.10861 54.29849 71 7 7 Heckenrosenweg 11, 24113 Kiel
10.11789 54.32191 68 2 2 Hasseldieksdammer Weg 15, 24116 Kiel
10.17016 54.39387 68 17 17 Prieser Höhe 1, 24159 Kiel
10.13122 54.28144 73 8 8 Justdiek 4, 24145 Kiel
10.12176 54.33555 70 4 4 Groß-Kielstein 47, 24118 Kiel
10.12963 54.36278 80 8 8 Timmerberg 13, 24106 Kiel
10.09452 54.34772 71 7 7 Eckernförder Str. 333, 24107 Kronshagen
10.12338 54.3071 78 3 3 Hamburger Chaussee 25, 24114 Kiel
10.12761 54.35647 80 7 7 Büsumer Weg 53, 24106 Kiel
10.05731 54.34158 76 11 11 Auberg 17, 24107 Ottendorf
10.1674 54.28786 71 9 9 Schoolkamp 1, 24145 Kiel
10.04538 54.3172 83 10 10 Esbjergweg 1, 24109 Kiel
10.13639 54.32885 71 2 2 Brunswiker Str. 46, 24105 Kiel
10.12203 54.40433 68 16 16 Klausdorfer Str. 103, 24161 Altenholz
10.14279 54.30282 70 5 5 Lensahner Str. 11, 24143 Kiel
10.09917 54.3418 68 6 6 Aubrücke 1, 24119 Kronshagen
10.1742 54.31509 79 8 8 Peter-Hansen-Str. 119, 24148 Kiel
10.16233 54.31503 82 7 7 Große Ziegelstr. 12, 24148 Kiel
10.12409 54.31752 82 2 2 Kirchhofallee 34, 24103 Kiel
10.13454 54.376 79 11 11 Hirthstr. 3, 24159 Kiel
10.14399 54.31349 73 5 5 Johannesstr. 10, 24143 Kiel
10.04985 54.32715 73 11 11 Helsinkistr. 25, 24109 Kiel
10.10194 54.30353 75 6 6 Rendsburger Landstr. 122, 24113 Kiel
10.08445 54.33603 84 8 8 Vespergang 2, 24119 Kronshagen
10.1749 54.31425 71 8 8 Schwanenseeplatz 7, 24148 Kiel
10.137 54.38853 68 12 12 Allensteiner Weg 49, 24161 Altenholz
10.0819 54.36245 80 11 11 Wippen 13, 24107 Kiel
10.17048 54.42233 70 18 18 Seestr. 7, 24159 Kiel
9.99284 54.34124 67 17 17 Mönkbergseck 16, 24107 Quarnbek
10.14497 54.28511 68 8 8 Schlüsbeker Weg 1, 24145 Kiel
10.13347 54.3045 83 5 5 Oldesloer Str. 1, 24143 Kiel
10.05229 54.32952 69 12 12 Helsinkistr. 114, 24109 Kiel
10.10509 54.3111 82 6 6 Dudweilerstr. 3, 24114 Kiel
10.11819 54.30476 76 4 4 Von-der-Goltz-Allee 2, 24113 Kiel
10.15031 54.33867 78 4 4 Niemannsweg 99, 24105 Kiel
10.10882 54.32808 76 4 4 Sedanstr. 14, 24116 Kiel
10.12938 54.33421 77 3 3 Knooper Weg 140, 24118 Kiel
10.09525 54.30069 70 7 7 Haßberg 5, 24113 Kiel
10.16945 54.30977 74 9 9 Poppenrade 10, 24148 Kiel
10.02868 54.31469 79 10 10 Am Dörpsdiek 63, 24109 Melsdorf
10.13396 54.3837 74 12 12 Stralsunder Weg 1, 24161 Altenholz
10.12699 54.35717 68 8 8 Flensburger Str. 12, 24106 Kiel
10.13084 54.34318 73 4 4 Fichtestr. 10, 24118 Kiel
10.03958 54.32962 76 12 12 Hochrott 2, 24107 Quarnbek
10.08266 54.33461 67 8 8 Sandkoppel 20, 24119 Kronshagen
10.13131 54.32272 68 1 1 Rathausstr. 1, 24103 Kiel
10.13559 54.33862 82 3 3 Gerhardstr. 82, 24105 Kiel
10.19101 54.2921 67 10 10 Troppauer Str. 40, 24146 Kiel
10.0727 54.36434 68 11 11 Fehmarnwinkel 23, 24107 Kiel
10.18222 54.28615 80 11 11 Am Wellsee 6, 24146 Kiel
10.15706 54.338 73 4 4 Kiellinie 100, 24105 Kiel
10.08146 54.33672 70 9 9 Holländerey 17, 24119 Kronshagen
10.0774 54.30165 71 9 9 Rutkamp 2, 24111 Kiel
10.1652 54.29244 68 9 9 Buschkoppel 39, 24145 Kiel
10.14006 54.33543 68 3 3 Feldstr. 38, 24105 Kiel
10.07909 54.35755 83 10 10 Amrumring 8, 24107 Kiel
10.1701 54.32157 77 9 9 Wellingdorfer Str. 2, 24148 Kiel
10.13464 54.38704 69 12 12 Insterburger Weg 3, 24161 Altenholz
10.14572 54.37056 68 13 13 Lindenweg 2, 24159 Kiel
10.135 54.41221 69 16 16 Teichkoppel 66, 24161 Altenholz
10.11453 54.32454 67 3 3 Kronshagener Weg 40, 24116 Kiel
10.19582 54.33818 68 13 13 Pillauer Str. 10, 24149 Kiel
10.03403 54.31654 78 10 10 Rothenberg 2, 24109 Melsdorf
10.14207 54.30482 79 5 5 Hofstr. 34, 24143 Kiel
10.19972 54.32235 77 11 11 Wehdenweg 105, 24148 Kiel
10.12288 54.39647 69 14 14 Klintenberg 44, 24161 Altenholz
10.05681 54.34084 68 11 11 Auberg 3, 24107 Ottendorf
10.13392 54.27983 79 8 8 Radewisch 101, 24145 Kiel
10.18124 54.32554 75 10 10 Schönberger Str. 52, 24148 Kiel
10.11374 54.2938 78 7 7 Krummbogen 96, 24113 Kiel
10.08979 54.32728 75 6 6 Volbehrstr. 23, 24119 Kronshagen
10.19881 54.32292 76 11 11 Wehdenweg 83, 24148 Kiel
10.14191 54.37342 76 12 12 Hünefeldstr. 1, 24159 Kiel
10.09764 54.34034 69 6 6 Siedlerkamp 1, 24119 Kronshagen
10.18379 54.29422 73 9 9 Bebelplatz 1, 24146 Kiel
10.1634 54.31059 71 9 9 Röhbarg 1, 24148 Kiel
10.07171 54.36411 67 12 12 Alte Chaussee 22, 24107 Kiel
10.02421 54.31545 83 10 10 Dorfstr. 64, 24109 Melsdorf
10.04739 54.25897 83 15 15 Streitberg 17, 24113 Molfsee
10.12537 54.40341 70 16 16 Eichenweg 13, 24161 Altenholz
10.19241 54.32566 70 10 10 Passader Str. 3, 24148 Kiel
10.06765 54.27686 79 12 12 Osterberg 12, 24113 Molfsee
10.11014 54.30138 69 6 6 Fröbelstr. 50, 24113 Kiel
10.16927 54.4009 70 16 16 Grüffkamp 2, 24159 Kiel
10.0609 54.26294 79 13 13 Schulstr. 7, 24113 Molfsee
10.00587 54.35098 79 18 18 Rajensdorfer Weg 24, 24107 Quarnbek
10.12245 54.40459 82 16 16 An der Feuerwache 1, 24161 Altenholz
10.15394 54.39671 82 16 16 Wagnerring 32, 24159 Kiel
10.17489 54.41812 75 18 18 Funkstellenweg 36, 24159 Kiel
10.12383 54.39598 78 14 14 Klintenberg 20, 24161 Altenholz
10.17981 54.3254 83 10 10 Schönberger Str. 68, 24148 Kiel
10.13859 54.30232 75 7 7 Theodor-Heuss-Ring 118, 24143 Kiel
10.08919 54.31208 69 8 8 Kolonnenweg 2, 24113 Kiel
10.0579 54.30225 71 10 10 Rendsburger Landstr. 442, 24111 Kiel
10.13284 54.31772 79 1 1 Sophienblatt 1, 24103 Kiel
10.17385 54.3224 74 10 10 Erlenkamp 10, 24148 Kiel
10.08733 54.33711 74 7 7 Kopperpahler Allee 50, 24119 Kronshagen
10.00615 54.3428 76 16 16 Alte Landstr. 50, 24107 Quarnbek
10.05773 54.31474 83 10 10 Königsförder Weg 2, 24109 Kiel
10.17404 54.29821 82 7 7 Villacher Str. 4, 24147 Kiel
10.10207 54.34127 67 6 6 Eckernförder Str. 212, 24119 Kronshagen
10.12548 54.35965 69 8 8 Tonderner Str. 1, 24106 Kiel
10.13783 54.33775 77 4 4 Adolfplatz 2, 24105 Kiel
10.04874 54.30094 73 9 9 Am Ihlberg 2, 24109 Melsdorf
10.19288 54.3238 73 11 11 Neumühlener Str. 76, 24148 Kiel
10.06435 54.26248 79 12 12 Hamburger Chaussee 18, 24113 Molfsee
10.09278 54.29604 78 9 9 Speckenbeker Weg 140, 24113 Kiel
10.15962 54.28939 70 9 9 Kreisauer Ring 22, 24145 Kiel
10.06863 54.26423 79 12 12 Tunnelstr. 2, 24113 Molfsee
10.0546 54.31898 80 11 11 Osloring 15, 24109 Kiel
10.15953 54.31637 83 6 6 Werftstr. 117, 24148 Kiel
10.16749 54.31416 78 7 7 Plöner Str. 6, 24148 Kiel
10.07632 54.35126 69 10 10 Rotenbek 23, 24107 Kiel
10.14937 54.39934 82 16 16 Friedrichsruher Weg 163, 24159 Kiel
10.1539 54.39613 83 16 16 Wagnerring 58, 24159 Kiel
10.13659 54.31293 71 4 4 Zur Helling 1, 24143 Kiel
10.07878 54.27893 82 10 10 Hamburger Landstr. 72, 24113 Molfsee
10.11892 54.40511 75 17 17 Moorredder 19, 24161 Altenholz
10.1554 54.28683 67 10 10 Witzlebenweg 2, 24145 Kiel
10.01941 54.34183 82 14 14 Plattenberg 17, 24107 Quarnbek
10.07235 54.35215 71 11 11 Steinberg 18, 24107 Kiel
10.05155 54.33066 70 11 11 Narvikstr. 202, 24109 Kiel
10.1309 54.31513 71 1 1 Sophienblatt 29, 24103 Kiel
10.14473 54.33008 79 4 4 Michaelisstr. 11, 24105 Kiel
10.08337 54.33344 80 7 7 Haßknöll 17, 24119 Kronshagen
10.13157 54.34237 67 4 4 Hardenbergstr. 27, 24118 Kiel
10.14082 54.32798 74 2 2 Brunswiker Str. 23, 24105 Kiel
10.17812 54.30513 71 9 9 Radebrook 1, 24147 Kiel
10.19587 54.32943 74 10 10 Schönkirchener Str. 55, 24149 Kiel
10.12386 54.40274 83 15 15 Ahornallee 4, 24161 Altenholz
10.11258 54.324 82 4 4 Westring 237, 24116 Kiel
10.18718 54.33071 75 11 11 Probsteier Platz 11, 24149 Kiel
10.10002 54.34293 84 6 6 Eckernförder Str. 244, 24119 Kronshagen
10.16533 54.31335 68 7 7 Plöner Str. 48, 24148 Kiel
10.1038 54.32786 70 5 5 Kronshagener Weg 118, 24116 Kiel
10.10038 54.34247 67 7 7 Eckernförder Str. 279, 24119 Kronshagen
10.11759 54.3573 69 8 8 Projensdorfer Str. 174, 24106 Kiel
10.13748 54.36326 80 9 9 Am Kiel-Kanal 3, 24106 Kiel
10.16558 54.41979 82 19 19 Schilkseer Str. 156, 24159 Kiel
10.13142 54.38706 83 12 12 Tilsiter Weg 2, 24161 Altenholz
10.12245 54.4088 68 16 16 Freesenberg 84, 24161 Altenholz
10.12657 54.33451 79 3 3 Alsenstr. 30, 24118 Kiel
10.04832 54.31965 69 10 10 Aalborgring 14, 24109 Kiel
10.07319 54.36295 78 11 11 Alte Chaussee 1, 24107 Kiel
10.14658 54.34663 79 6 6 Bismarckallee 27, 24105 Kiel
10.09863 54.34293 71 6 6 Möllerstr. 2, 24119 Kronshagen
10.19223 54.28705 73 11 11 Isarweg 50, 24146 Kiel
10.16637 54.31575 71 7 7 Hollmannstr. 39, 24148 Kiel
10.14196 54.32667 73 1 1 Lorentzendamm 6, 24103 Kiel
9.99056 54.33992 75 17 17 Zum Sportplatz 1, 24107 Quarnbek
10.12995 54.32348 75 1 1 Dammstr. 32, 24103 Kiel
10.0529 54.31445 83 11 11 Svendborger Str. 13, 24109 Kiel
10.08574 54.28883 76 10 10 Großer Eiderkamp 3, 24113 Molfsee
10.19582 54.33818 68 13 13 Pillauer Str. 10, 24149 Kiel
10.12307 54.39405 78 14 14 Kronsberg 5, 24161 Altenholz
10.13645 54.34097 80 4 4 Gneisenaustr. 18, 24105 Kiel
10.07561 54.31899 83 7 7 Melsdorfer Str. 8, 24109 Kiel
10.13254 54.29622 80 7 7 Karlsburger Feldweg 27, 24113 Kiel
10.17566 54.41572 77 19 19 Seeadlerweg 27, 24159 Kiel
10.16674 54.29044 73 9 9 Kölenberg 63, 24145 Kiel
10.08222 54.33161 73 7 7 Kieler Str. 81, 24119 Kronshagen
10.07225 54.32614 74 10 10 Claus-Sinjen-Str. 41, 24119 Kronshagen
10.08326 54.363 80 11 11 Wippen 31, 24107 Kiel
10.12233 54.31467 79 3 3 Papenkamp 29, 24114 Kiel
10.18349 54.29685 83 8 8 Tiroler Ring 2, 24147 Kiel
10.13166 54.30388 75 5 5 Tonberg 6, 24113 Kiel
10.1316 54.37249 78 11 11 Gravensteiner Str. 12, 24159 Kiel
10.12839 54.35779 68 7 7 Achterkamp 123, 24106 Kiel
10.01941 54.34183 77 14 14 Plattenberg 17, 24107 Quarnbek
10.12039 54.31669 83 3 3 Harmsstr. 68, 24114 Kiel
10.16944 54.28678 69 9 9 Segeberger Landstr. 139, 24145 Kiel
10.12932 54.38485 68 13 13 Posener Str. 32, 24161 Altenholz
10.16055 54.31324 77 7 7 Ostring 232, 24148 Kiel
10.06765 54.27686 68 12 12 Osterberg 12, 24113 Molfsee
10.12599 54.39734 80 14 14 Ohlandbogen 1, 24161 Altenholz
10.12942 54.4054 76 17 17 Lärchenweg 12, 24161 Altenholz
10.15409 54.28619 69 10 10 Tresckowweg 17, 24145 Kiel
10.18039 54.30549 77 10 10 Radebrook 13, 24147 Kiel
10.14191 54.37342 67 12 12 Hünefeldstr. 1, 24159 Kiel
10.06975 54.30291 76 11 11 Steglitzer Weg 15, 24111 Kiel
10.13447 54.3353 78 3 3 Waitzstr. 44, 24105 Kiel
10.12611 54.34021 69 4 4 Westring 424, 24118 Kiel
10.1417 54.32329 83 0 0 Eggerstedtstr. 12, 24103 Kiel
10.08733 54.33711 83 7 7 Kopperpahler Allee 50, 24119 Kronshagen
10.16889 54.39683 75 16 16 Gudegastkoppel 7, 24159 Kiel
10.14176 54.32172 83 0 0 Schuhmacherstr. 37, 24103 Kiel
10.08556 54.28669 82 10 10 Hamburger Landstr. 15, 24113 Molfsee
10.11207 54.30512 83 5 5 Danewerkstr. 14, 24113 Kiel
10.14642 54.33949 74 5 5 Caprivistr. 21, 24105 Kiel
10.07488 54.27689 74 12 12 Rammsmoor 18, 24113 Molfsee
10.12446 54.31996 69 2 2 Adelheidstr. 16, 24103 Kiel
10.09579 54.34503 73 8 8 Waidmannsruh 33, 24119 Kronshagen
10.12709 54.32909 70 2 2 Lessingplatz 6, 24116 Kiel
10.11258 54.324 77 4 4 Westring 237, 24116 Kiel
10.12968 54.32468 77 1 1 Muhliusstr. 78, 24103 Kiel
10.1742 54.31509 78 8 8 Peter-Hansen-Str. 119, 24148 Kiel
10.08222 54.33161 83 7 7 Kieler Str. 81, 24119 Kronshagen
10.1519 54.31339 73 6 6 Augustenstr. 70, 24143 Kiel
10.14218 54.30968 78 5 5 Mühlenstr. 20, 24143 Kiel
10.07314 54.33039 71 8 8 Claus-Sinjen-Str. 10, 24119 Kronshagen
10.12387 54.40319 76 16 16 Ahornallee 8, 24161 Altenholz
10.06097 54.26703 71 13 13 Dorfstr. 15, 24113 Molfsee
10.05681 54.34084 78 11 11 Auberg 3, 24107 Ottendorf
10.21298 54.32058 74 14 14 Ostanger 5, 24149 Kiel
10.18037 54.29065 73 11 11 Elmschenhagener Allee 21, 24146 Kiel
10.16909 54.39902 74 16 16 Friedrichsorter Str. 33, 24159 Kiel
10.11344 54.29882 73 7 7 Pappel-Weg 1, 24113 Kiel
10.12881 54.28312 75 7 7 Vörstkoppel 1, 24145 Kiel
10.11477 54.36835 71 11 11 Uferstr. 78, 24106 Kiel
10.12319 54.3053 69 3 3 Stormarnstr. 4, 24113 Kiel
10.12319 54.3053 78 3 3 Stormarnstr. 4, 24113 Kiel
10.10932 54.29394 73 7 7 Brüggerfelde 21, 24113 Kiel
10.055 54.33366 80 12 12 Lofotenweg 192, 24109 Kiel
10.05593 54.34134 68 11 11 Kiewittsholm 1, 24107 Ottendorf
10.13135 54.31755 78 1 1 Herzog-Friedrich-Str. 2, 24103 Kiel
10.0968 54.3063 70 8 8 Uhlenkrog 1, 24113 Kiel
10.06867 54.31517 75 9 9 Haßloh 1, 24109 Kiel
10.14429 54.30704 82 4 4 Preetzer Str. 33, 24143 Kiel
10.19396 54.32356 73 11 11 Raisdorfer Str. 12, 24148 Kiel
10.18658 54.28481 67 11 11 Pottberg 12, 24146 Kiel
10.17981 54.3254 77 10 10 Schönberger Str. 68, 24148 Kiel
10.06794 54.29096 79 12 12 Tannenholz 2, 24113 Kiel
10.06143 54.31706 78 9 9 Hofholzallee 246, 24109 Kiel
10.06119 54.26654 70 13 13 Dorfstr. 20, 24113 Molfsee
10.0998 54.35581 82 10 10 Elfriede-Dietrich-Str. 32, 24106 Kiel
10.07275 54.28245 80 11 11 Mielkendorfer Weg 19, 24113 Molfsee
10.04918 54.326 82 11 11 Helsinkistr. 1, 24109 Kiel
10.07585 54.32872 67 8 8 Hofbrook 36, 24119 Kronshagen
10.07413 54.30742 74 11 11 Wannseebogen 32, 24111 Kiel
10.04918 54.326 69 11 11 Helsinkistr. 1, 24109 Kiel
10.06082 54.26102 77 13 13 Bornkrugsweg 1, 24113 Molfsee
10.11887 54.40603 79 17 17 Moorredder 46, 24161 Altenholz
10.15957 54.29209 83 8 8 Segeberger Landstr. 61, 24145 Kiel
10.13816 54.3723 79 12 12 Eckenerplatz 2, 24159 Kiel
10.15399 54.39542 84 16 16 Wagnerring 54, 24159 Kiel
10.1321 54.33908 74 4 4 Im Brauereiviertel 24, 24118 Kiel
10.13996 54.33598 75 3 3 Feldstr. 40, 24105 Kiel
10.09014 54.31976 77 6 6 Hofholzallee 16, 24109 Kiel
10.09441 54.30847 77 9 9 Hedenholz 13, 24113 Kiel
10.04635 54.31902 68 10 10 Fanöweg 1, 24109 Kiel
10.15589 54.39339 78 16 16 Buschblick 39, 24159 Kiel
10.11103 54.2779 74 10 10 Wendenweg 15, 24145 Kiel
10.19634 54.32294 78 11 11 Rosenfelder Str. 20, 24148 Kiel
10.17931 54.33219 71 12 12 Schwentinestr. 22, 24149 Kiel
10.02739 54.31864 79 10 10 Karkkamp 15, 24109 Melsdorf
10.08486 54.3616 80 11 11 Sukoring 61, 24107 Kiel
10.11778 54.40472 76 16 16 Peerkoppel 19, 24161 Altenholz
10.07643 54.36549 69 12 12 Ostseestr. 109, 24107 Kiel
10.17081 54.41341 83 18 18 Graf-Luckner-Str. 2, 24159 Kiel
10.05873 54.25844 74 13 13 Möwenstr. 28, 24113 Molfsee
10.16011 54.39885 70 18 18 Wilhelm-Lobsien-Weg 8, 24159 Kiel
10.13646 54.30233 68 5 5 Diedrichstr. 1, 24143 Kiel
10.18587 54.33875 68 12 12 Georgstr. 61, 24149 Kiel
10.08884 54.31972 78 6 6 Hofholzallee 22, 24109 Kiel
10.16413 54.38679 78 14 14 Prieser Strand 15, 24159 Kiel
10.10078 54.34216 82 7 7 Eckernförder Str. 273, 24119 Kronshagen
10.13028 54.34231 77 4 4 Hardenbergstr. 49, 24118 Kiel
10.11165 54.32187 75 4 4 Westring 202, 24116 Kiel
10.14535 54.33865 76 4 4 Moltkestr. 28, 24105 Kiel
10.14162 54.29964 76 6 6 Sieversdiek 43, 24143 Kiel
10.13663 54.35761 76 8 8 Heiligendammer Str. 15, 24106 Kiel
10.08028 54.36105 71 10 10 Von-der-Wisch-Str. 23, 24107 Kiel
10.07203 54.35186 68 11 11 Steinberg 12, 24107 Kiel
10.16793 54.31523 68 7 7 Ostring 324, 24148 Kiel
9.98801 54.34464 76 17 17 Am Fährberg 36, 24107 Quarnbek
10.10966 54.32519 83 4 4 Nietzschestr. 5, 24116 Kiel
10.14995 54.31328 74 6 6 Jaegerstr. 16, 24143 Kiel
10.1899 54.33742 68 11 11 Langer Rehm 41, 24149 Kiel
10.07517 54.32842 68 9 9 Hofbrook 38, 24119 Kronshagen
10.14028 54.27872 70 8 8 Barkauer Str. 119, 24145 Kiel
10.12016 54.31509 79 4 4 Hasselmannstr. 12, 24114 Kiel
10.12043 54.32844 83 4 4 Theodor-Storm-Str. 4, 24116 Kiel
10.13462 54.338 70 3 3 Düppelstr. 82, 24105 Kiel
10.107 54.31073 71 5 5 Saarbrückenstr. 98, 24114 Kiel
10.07199 54.28095 74 11 11 Rammseer Weg 51, 24113 Molfsee
10.11165 54.32187 70 4 4 Westring 202, 24116 Kiel
10.10072 54.33262 68 5 5 Eschenkamp 2, 24119 Kronshagen
10.1749 54.31802 74 9 9 Hagener Str. 16, 24148 Kiel
10.08662 54.35917 75 11 11 Alter Steenbeker Weg 27, 24107 Kiel
10.15013 54.39956 68 16 16 Friedrichsruher Weg 198, 24159 Kiel
10.17973 54.39752 71 17 17 Brauner Berg 4, 24159 Kiel
10.1171 54.33215 79 3 3 Petersweg 1, 24116 Kiel
10.13843 54.30818 68 4 4 Werftstr. 245, 24143 Kiel
10.14794 54.34518 84 6 6 Linden-Allee 16, 24105 Kiel
10.07655 54.30832 84 11 11 Grünauzeile 1, 24111 Kiel
10.14053 54.31631 76 5 5 Norwegenkai 1, 24143 Kiel
10.18721 54.28723 78 10 10 Illerweg 24, 24146 Kiel
10.19195 54.32484 71 11 11 Passader Str. 16, 24148 Kiel
10.10675 54.33727 69 6 6 Eckernförder Str. 201, 24119 Kronshagen
9.98639 54.33179 69 15 15 Am Breitschlag 9, 24107 Quarnbek
10.17617 54.31913 82 8 8 Hagener Str. 2, 24148 Kiel
10.09994 54.39627 67 16 16 Gut Friedrichshof 3, 24161 Altenholz
10.18493 54.3338 68 13 13 Hertzstr. 22, 24149 Kiel
10.07486 54.30544 69 13 13 Grunewaldstr. 14, 24111 Kiel
10.17928 54.39277 76 16 16 Poststr. 1, 24159 Kiel
10.19837 54.27801 73 14 14 Rönner Weg 82, 24146 Kiel
10.14377 54.32711 73 2 2 Schlossgarten 14, 24103 Kiel
10.18619 54.30578 77 11 11 Böttgersberg 6, 24147 Kiel
10.19645 54.27704 80 14 14 Sprosserpfad 15, 24146 Kiel
10.11544 54.35442 80 8 8 Steenbeker Weg 33, 24106 Kiel
10.07196 54.27772 74 13 13 Barstenkamp 41, 24113 Molfsee
10.12858 54.31103 75 2 2 Gablenzstr. 1, 24114 Kiel
10.13868 54.36025 68 8 8 Rostocker Str. 2, 24106 Kiel
10.15926 54.40405 79 15 15 Hof Pries 9, 24159 Kiel
10.12455 54.40492 79 15 15 Ginsterweg 1, 24161 Altenholz
10.10075 54.30818 71 6 6 Saarbrückenstr. 177, 24113 Kiel
10.12551 54.35445 82 7 7 Elendsredder 24, 24106 Kiel
10.14367 54.28467 80 7 7 Kuhlacker 32, 24145 Kiel
10.18651 54.25719 73 14 14 Heidenstein 2, 24145 Kiel
10.13008 54.38167 75 13 13 Danziger Str. 30, 24161 Altenholz
10.07099 54.30466 80 11 11 Am Blöcken 69, 24111 Kiel
10.13103 54.32683 70 2 2 Gartenstr. 25, 24103 Kiel
10.04813 54.3273 84 12 12 Turkuring 30, 24109 Kiel
10.06975 54.28954 75 12 12 Am Voßberg 12, 24113 Kiel
10.0783 54.28755 70 12 12 Dorfstede 10, 24113 Molfsee
10.17085 54.42594 80 19 19 Kurallee 1, 24159 Kiel
10.03244 54.31418 70 9 9 Rotenhofer Weg 10, 24109 Melsdorf
10.08034 54.359 68 10 10 Sylter Bogen 1, 24107 Kiel
10.11483 54.32562 68 3 3 Westring 250, 24116 Kiel
10.17566 54.41572 83 19 19 Seeadlerweg 27, 24159 Kiel
10.13128 54.34438 70 5 5 Kleiststr. 39, 24118 Kiel
10.07028 54.35421 69 11 11 Horstblick 1, 24107 Kiel
10.12085 54.35875 83 8 8 Flensburger Str. 67, 24106 Kiel
10.20173 54.335 83 13 13 Ristblick 1, 24149 Kiel
10.14989 54.40032 74 15 15 Friedrichsruher Weg 200, 24159 Kiel
10.12551 54.3117 78 2 2 Königsweg 76, 24114 Kiel
10.15759 54.39845 82 14 14 Ottomar-Enking-Str. 111, 24159 Kiel
10.10226 54.34556 68 7 7 Johann-Fleck-Str. 6, 24118 Kiel
10.11266 54.31501 79 4 4 Calvinstr. 9, 24114 Kiel
10.12432 54.40815 67 16 16 Dorfkoppel 2, 24161 Altenholz
10.02111 54.34166 82 14 14 Gartenkamp 2, 24107 Quarnbek
10.08873 54.28913 75 8 8 Hamburger Landstr. 4, 24113 Molfsee
10.07632 54.35126 77 10 10 Rotenbek 23, 24107 Kiel
10.12353 54.30256 78 4 4 Alte Eichen 19, 24113 Kiel
10.12879 54.37004 77 11 11 Geheimrat-Schultz-Weg 14, 24159 Kiel
10.16518 54.40207 82 15 15 Friedrichsorter Str. 64, 24159 Kiel
10.14131 54.28559 77 7 7 Fettberg 1, 24145 Kiel
10.14341 54.37491 74 13 13 Herwarthstr. 5, 24159 Kiel
10.1271 54.39871 71 14 14 Langkoppel 33, 24161 Altenholz
10.08034 54.359 79 10 10 Sylter Bogen 1, 24107 Kiel
10.13002 54.40036 78 15 15 Grevenkamp 1, 24161 Altenholz
10.0251 54.31882 82 11 11 Karkkamp 17, 24109 Melsdorf
10.16834 54.28639 83 10 10 Kirchenberg 3, 24145 Kiel
10.13432 54.34125 78 4 4 Esmarchstr. 57, 24105 Kiel
10.15178 54.30589 73 5 5 Blitzstr. 51, 24143 Kiel
10.03315 54.31935 78 10 10 Dorfstr. 1, 24109 Melsdorf
10.14356 54.36959 68 12 12 Kanalstr. 41, 24159 Kiel
10.18338 54.30021 76 9 9 Wiener Allee 93, 24147 Kiel
10.13557 54.33725 82 3 3 Gerhardstr. 62, 24105 Kiel
10.08673 54.329 79 7 7 Tauwerk 1, 24119 Kronshagen
10.08881 54.34268 69 8 8 Elsa-Brandström-Str. 20, 24119 Kronshagen
9.98878 54.33592 71 16 16 Sturenberg 59, 24107 Quarnbek
10.12508 54.32496 76 2 2 Damperhofstr. 22, 24103 Kiel
10.18372 54.32549 80 9 9 Gabelsbergerstr. 3, 24148 Kiel
10.03382 54.32153 77 12 12 Kählenweg 9, 24109 Melsdorf
10.12657 54.33451 71 3 3 Alsenstr. 30, 24118 Kiel
10.04703 54.34293 75 14 14 Kanalweg 13, 24107 Ottendorf
10.12423 54.40163 70 15 15 Linden-Allee 106, 24161 Altenholz
10.1453 54.30566 73 5 5 Iltisstr. 71, 24143 Kiel
10.10765 54.30064 67 5 5 Hamburger Chaussee 161, 24113 Kiel
10.13072 54.33308 74 2 2 Schauenburgerstr. 38, 24105 Kiel
10.11954 54.3331 79 3 3 Klotzstr. 8, 24118 Kiel
10.16481 54.31436 68 7 7 Ostring 261, 24148 Kiel
10.06152 54.26399 71 13 13 Dorfstr. 1, 24113 Molfsee
10.13656 54.34028 77 5 5 Gefionstr. 2, 24105 Kiel
10.13289 54.35439 73 7 7 Danckwerthstr. 3, 24106 Kiel
10.11861 54.33322 76 4 4 Klotzstr. 18, 24118 Kiel
10.12853 54.32332 73 1 1 Waisenhofstr. 34, 24103 Kiel
10.19343 54.32977 82 10 10 Kirschberg 1, 24149 Kiel
10.10085 54.30291 74 6 6 Rendsburger Landstr. 140, 24113 Kiel
10.0985 54.35199 69 9 9 Feuerbachstr. 146, 24107 Kiel
10.06916 54.27489 80 12 12 Captain-Thiessen-Weg 26, 24113 Molfsee
10.1034 54.27356 80 10 10 Kleinflintbeker Weg 3, 24145 Kiel
10.16279 54.30895 73 9 9 Poppenrade 51, 24148 Kiel
10.11814 54.40045 71 15 15 Klausdorfer Str. 76, 24161 Altenholz
10.16662 54.41801 73 18 18 Schilkseer Str. 128, 24159 Kiel
10.19811 54.27808 70 14 14 Am Wellsee 173, 24146 Kiel
10.13969 54.32366 73 1 1 Dänische Str. 2, 24103 Kiel
10.01807 54.34267 77 15 15 Reimershofer Weg 12, 24107 Quarnbek
10.12732 54.31093 78 3 3 Sophienblatt 74, 24114 Kiel
10.15073 54.33416 78 3 3 Düsternbrooker Weg 71, 24105 Kiel
10.18166 54.33273 73 11 11 Langensaal 4, 24149 Kiel
10.12017 54.39182 70 14 14 Kronsberg 23, 24161 Altenholz
10.14278 54.33587 83 4 4 Forstweg 10, 24105 Kiel
10.12668 54.38971 82 13 13 Königsberger Str. 57, 24161 Altenholz
10.08621 54.33082 77 8 8 Seilerei 2, 24119 Kronshagen
10.09335 54.37391 83 16 16 Gut Projensdorf 1, 24161 Altenholz
10.16399 54.29048 80 9 9 Schoolkamp 101, 24145 Kiel
10.15251 54.25982 68 9 9 Hexentellerweg 5, 24145 Kiel
9.99056 54.33992 73 17 17 Zum Sportplatz 1, 24107 Quarnbek
10.11669 54.32393 73 3 3 Kronshagener Weg 16, 24116 Kiel
10.14438 54.30205 75 5 5 Ostring 1, 24143 Kiel
10.08678 54.29191 68 9 9 Hammerbusch 65, 24113 Kiel
10.13788 54.28119 71 8 8 Barkauer Str. 107, 24145 Kiel
10.18212 54.32571 73 10 10 Schönberger Str. 44, 24148 Kiel
10.07823 54.33665 83 10 10 Am Holm 51, 24119 Kronshagen
10.06832 54.28998 80 12 12 Am Voßberg 24, 24113 Kiel
10.04719 54.31235 78 11 11 Jütlandring 176, 24109 Kiel
10.13752 54.31444 68 5 5 Am Germaniahafen 5, 24143 Kiel
10.13577 54.30558 84 4 4 Kehrwieder 1, 24143 Kiel
10.17652 54.29238 69 9 9 Dorfstr. 43, 24146 Kiel
10.17029 54.32362 78 8 8 Schönberger Str. 143, 24148 Kiel
10.17289 54.31949 78 8 8 Hangstr. 1, 24148 Kiel
10.12221 54.30163 76 5 5 Blaumeisenweg 1, 24113 Kiel
10.07378 54.3123 77 9 9 Melsdorfer Str. 79, 24109 Kiel
10.11294 54.32408 73 3 3 Westring 238, 24116 Kiel
10.09844 54.3375 75 6 6 Nußbaumkoppel 1, 24119 Kronshagen
10.10563 54.35554 69 9 9 Steenbeker Weg 58, 24106 Kiel
10.08712 54.33056 76 6 6 Seilerei 6, 24119 Kronshagen
10.18836 54.29875 71 9 9 Klagenfurter Weg 119, 24147 Kiel
10.0664 54.30756 68 11 11 Waldweg 17, 24111 Kiel
10.18099 54.30127 70 9 9 Tiroler Ring 283, 24147 Kiel
10.12739 54.40722 77 16 16 Alter Kieler Weg 4, 24161 Altenholz
10.15274 54.25734 78 10 10 Hexentellerweg 33, 24145 Kiel
10.11586 54.32661 73 4 4 Westring 267, 24116 Kiel
10.09255 54.3198 68 5 5 Hasseldieksdammer Weg 220, 24109 Kiel
9.9913 54.34178 76 17 17 Möhlenbarg 13, 24107 Quarnbek
10.18023 54.33642 69 13 13 Salzredder 12, 24149 Kiel
10.13559 54.39273 74 12 12 Klausdorfer Landstr. 1, 24161 Altenholz
10.06289 54.31625 67 10 10 Rathmannsdorfer Weg 5, 24109 Kiel
10.17391 54.40056 75 17 17 Grüffkamp 38, 24159 Kiel
10.05449 54.33375 79 12 12 Lofotenweg 179, 24109 Kiel
10.18546 54.4037 71 17 17 Zum Badestrand 76, 24159 Kiel
10.07488 54.27689 76 12 12 Rammsmoor 18, 24113 Molfsee
10.1393 54.32907 67 2 2 Brunswiker Str. 26, 24105 Kiel
10.13469 54.38786 79 12 12 Elbinger Weg 22, 24161 Altenholz
10.08065 54.30352 79 10 10 Zehlendorfer Str. 11, 24111 Kiel
10.14083 54.33972 76 5 5 Wrangelstr. 11, 24105 Kiel
10.06737 54.26618 67 12 12 Hamburger Chaussee 37, 24113 Molfsee
10.15496 54.29218 73 9 9 Hansaring 6, 24145 Kiel
10.08426 54.41284 76 19 19 Dehnhöft 7, 24161 Altenholz
10.10422 54.33421 76 5 5 Eichhofstr. 50, 24116 Kiel
10.11662 54.28371 71 9 9 Am Fuchsbau 1, 24145 Kiel
10.17213 54.41371 77 18 18 Graf-Luckner-Str. 8, 24159 Kiel
10.10087 54.34224 77 7 7 Eckernförder Str. 238, 24119 Kronshagen
10.14992 54.30574 84 5 5 Greifstr. 11, 24143 Kiel
10.0764 54.36426 78 11 11 Rügenweg 46, 24107 Kiel
10.13711 54.34151 78 4 4 Blücherplatz 1, 24105 Kiel
10.12868 54.35844 73 7 7 Hohenrade 7, 24106 Kiel
10.15394 54.28399 76 10 10 Bunsenstr. 32, 24145 Kiel
10.12891 54.40884 69 16 16 Birkenweg 17, 24161 Altenholz
10.11654 54.30124 80 5 5 Krusenrotter Weg 71, 24113 Kiel
10.10642 54.34591 71 6 6 Olshausenstr. 75, 24118 Kiel
10.13662 54.28206 80 7 7 Barkauer Str. 81, 24145 Kiel
10.06816 54.30064 71 10 10 Rendsburger Landstr. 385, 24111 Kiel
10.17208 54.32312 69 9 9 Timkestr. 62, 24148 Kiel
10.16216 54.31097 82 8 8 Erich-Kästner-Weg 55, 24143 Kiel
10.17955 54.30248 74 9 9 Felsenstr. 8, 24147 Kiel
10.13701 54.32305 83 1 1 Kehdenstr. 15, 24103 Kiel
10.15028 54.34104 73 5 5 Niemannsweg 115, 24105 Kiel
10.18419 54.26233 74 13 13 Zum Forst 90, 24145 Kiel
10.14921 54.30917 78 5 5 Gaußstr. 35, 24143 Kiel
10.13771 54.30498 71 4 4 Asmusstr. 19, 24143 Kiel
10.1085 54.30733 68 5 5 Andresenstr. 1, 24113 Kiel
10.07015 54.33579 76 11 11 Herrenwiese 2, 24119 Kronshagen
10.16722 54.41806 73 18 18 Auf der Wurth 2, 24159 Kiel
10.12821 54.33632 74 4 4 Samwerstr. 1, 24118 Kiel
10.15456 54.29188 69 8 8 Hansaring 7, 24145 Kiel
10.08253 54.31656 75 8 8 Julienluster Weg 33, 24109 Kiel
10.11652 54.29747 82 6 6 Hasenholz 2, 24113 Kiel
10.06867 54.31517 77 9 9 Haßloh 1, 24109 Kiel
10.14543 54.30308 83 5 5 Ostring 9, 24143 Kiel
10.15378 54.40574 69 16 16 Uhlenhorster Weg 18, 24159 Kiel
10.1464 54.32752 70 1 1 Kiellinie 5, 24105 Kiel
10.12311 54.29416 78 6 6 Hornheimer Weg 98, 24113 Kiel
10.13034 54.33865 76 3 3 Im Brauereiviertel 58, 24118 Kiel
10.11623 54.32741 83 4 4 Geibelplatz 10, 24116 Kiel
10.13362 54.38776 84 13 13 Elbinger Weg 23, 24161 Altenholz
10.13871 54.30951 68 4 4 Werftstr. 231, 24143 Kiel
10.00379 54.34436 74 18 18 Spitzenrade 1, 24107 Quarnbek
10.1323 54.28158 74 7 7 Radewisch 161, 24145 Kiel
10.17029 54.32362 82 8 8 Schönberger Str. 143, 24148 Kiel
10.10734 54.31089 80 6 6 Saarbrückenstr. 96, 24114 Kiel
10.08674 54.31965 82 7 7 Hofholzallee 44, 24109 Kiel
10.1986 54.33395 82 12 12 Alfons-Huysmans-Ring 1, 24149 Kiel
10.10456 54.32874 78 4 4 Dehnckestr. 1, 24116 Kiel
10.10329 54.36313 76 11 11 Am Tannenberg 73, 24106 Kiel
10.13476 54.38266 75 12 12 Stralsunder Weg 8, 24161 Altenholz
10.1761 54.3938 71 16 16 Falckensteiner Str. 39, 24159 Kiel
10.16318 54.38876 82 15 15 Fritz-Reuter-Str. 15, 24159 Kiel
10.18619 54.30578 82 11 11 Böttgersberg 6, 24147 Kiel
10.19241 54.32566 73 10 10 Passader Str. 3, 24148 Kiel
10.14666 54.27761 78 9 9 Borsigstr. 8, 24145 Kiel
10.13747 54.33838 79 4 4 Adolfplatz 11, 24105 Kiel
10.15251 54.25982 83 9 9 Hexentellerweg 5, 24145 Kiel
10.11567 54.3194 82 4 4 Paul-Fleming-Str. 6, 24114 Kiel
10.14676 54.28143 71 8 8 Braunstr. 34, 24145 Kiel
10.21376 54.32757 70 13 13 Trenntrader Weg 18, 24149 Kiel
10.07402 54.33058 68 8 8 Adenauerstr. 2, 24119 Kronshagen
10.13899 54.34357 70 5 5 Yorck-Str. 1, 24105 Kiel
10.12078 54.40272 76 16 16 Linden-Allee 2, 24161 Altenholz
10.13289 54.33333 76 3 3 Holtenauer Str. 74, 24105 Kiel
10.04739 54.25897 70 15 15 Streitberg 17, 24113 Molfsee
10.18836 54.29875 75 9 9 Klagenfurter Weg 119, 24147 Kiel
10.09674 54.28068 83 8 8 Meimersdorfer Weg 151, 24145 Kiel
10.16728 54.39901 71 16 16 Wilhelm-Busch-Str. 1, 24159 Kiel
10.12083 54.33258 78 3 3 Schweffelstr. 4, 24118 Kiel
10.18023 54.33642 67 13 13 Salzredder 12, 24149 Kiel
10.12121 54.40762 69 16 16 Freesenberg 102, 24161 Altenholz
10.11439 54.2803 79 9 9 Begonienreihe 1, 24145 Kiel
10.11528 54.31705 71 4 4 Boiestr. 14, 24114 Kiel
10.18783 54.3383 82 12 12 Helenenstr. 5, 24149 Kiel
10.17107 54.39213 74 17 17 Oldestr. 40, 24159 Kiel
10.107 54.31073 76 5 5 Saarbrückenstr. 98, 24114 Kiel
10.11462 54.30086 83 5 5 Krusenrotter Weg 74, 24113 Kiel
10.08377 54.35348 75 9 9 Klinkerwisch 12, 24107 Kiel
10.17912 54.29214 82 10 10 Rüsterstr. 2, 24146 Kiel
10.13677 54.37344 74 11 11 Lilienthalstr. 10, 24159 Kiel
10.13757 54.35485 70 7 7 Kiellinie 263, 24106 Kiel
10.11124 54.36068 82 9 9 Projensdorfer Str. 219, 24106 Kiel
10.1329 54.30447 80 5 5 Zum Brook 40, 24143 Kiel
10.12878 54.36427 83 9 9 Timmerberg 19, 24106 Kiel
10.03273 54.32234 82 11 11 Kählenweg 11, 24109 Melsdorf
10.15882 54.39581 77 15 15 Brahmsweg 19, 24159 Kiel
10.13583 54.34054 67 4 4 Gneisenaustr. 17, 24105 Kiel
10.19241 54.32566 71 10 10 Passader Str. 3, 24148 Kiel
10.18805 54.33897 71 12 12 Georgstr. 5, 24149 Kiel
10.13103 54.32683 74 2 2 Gartenstr. 25, 24103 Kiel
10.0281 54.35482 71 16 16 Reimershof 21, 24107 Quarnbek
10.17257 54.41712 80 17 17 Funkstellenweg 1, 24159 Kiel
10.08347 54.33404 71 7 7 Haßknöll 9, 24119 Kronshagen
10.09538 54.30099 79 7 7 Rendsburger Landstr. 181, 24113 Kiel
10.16561 54.29256 83 9 9 Schlesierweg 1, 24145 Kiel
10.13862 54.34711 82 5 5 Düvelsbeker Weg 38, 24105 Kiel
10.13351 54.29734 80 7 7 Flintbeker Str. 66, 24113 Kiel
10.17747 54.2693 82 12 12 Zum Forst 52, 24145 Kiel
10.09864 54.34384 78 6 6 Eckernförder Str. 303, 24119 Kronshagen
10.19158 54.33244 71 11 11 Strohredder 6, 24149 Kiel
10.06931 54.3609 82 12 12 Pellwormer Weg 65, 24107 Kiel
10.18591 54.3313 77 11 11 Tiefe Allee 28, 24149 Kiel
9.99556 54.34168 67 18 18 Toweddern 33, 24107 Quarnbek
10.18805 54.40286 76 17 17 Falkenhorst 11, 24159 Kiel
10.19198 54.28 73 12 12 Fliederweg 2, 24146 Kiel
10.13639 54.32885 76 2 2 Brunswiker Str. 46, 24105 Kiel
10.18794 54.29106 77 10 10 Karlsbader Str. 1, 24146 Kiel
10.18076 54.33166 84 12 12 Nanthingasse 2, 24149 Kiel
10.08892 54.33814 83 7 7 Eichkoppelweg 35, 24119 Kronshagen
10.18345 54.29952 69 9 9 Wiener Allee 57, 24147 Kiel
10.13262 54.32945 80 2 2 Holtenauer Str. 12, 24105 Kiel
10.19326 54.28016 75 14 14 Jasminweg 2, 24146 Kiel
10.21182 54.31908 67 14 14 Kiebitzbek 63, 24149 Kiel
10.12198 54.32117 82 2 2 Hermann-Weigmann-Str. 29, 24103 Kiel
9.9899 54.33786 68 16 16 Sturenberg 47, 24107 Quarnbek
10.12383 54.32545 69 3 3 Sternstr. 3, 24103 Kiel
10.05285 54.33064 74 11 11 Narvikstr. 130, 24109 Kiel
10.14822 54.3112 77 5 5 Kaiserstr. 41, 24143 Kiel
10.08063 54.30207 77 9 9 Mühlenkamp 12, 24111 Kiel
10.11834 54.39481 77 15 15 Dreiangel 5, 24161 Altenholz
10.07744 54.3 75 9 9 Am Seeufer 1, 24111 Kiel
10.06941 54.30798 78 10 10 Russeer Weg 67, 24111 Kiel
10.17024 54.32149 84 9 9 Wellingdorfer Str. 1, 24148 Kiel
10.11611 54.28291 70 9 9 Beim Marderlauf 9, 24145 Kiel
10.13559 54.35806 79 9 9 Im Anscharpark 2, 24106 Kiel
10.0577 54.32888 73 10 10 Stockholmstr. 159, 24109 Kiel
10.05539 54.30104 75 10 10 Am Friedhof 5, 24111 Kiel
10.149 54.31234 76 5 5 Wikingerstr. 2, 24143 Kiel
10.09013 54.32176 83 6 6 Gartenkoppel 1, 24109 Kiel
10.14818 54.31369 76 6 6 Jaegerstr. 5, 24143 Kiel
10.12498 54.32032 79 2 2 Adelheidstr. 18, 24103 Kiel
10.13215 54.3017 68 6 6 Tonberg 7, 24113 Kiel
10.14635 54.30162 80 5 5 Hohwachter Weg 5, 24143 Kiel
10.18803 54.28761 77 10 10 Illerweg 1, 24146 Kiel
10.17235 54.39102 76 16 16 Dieselweg 3, 24159 Kiel
10.1365 54.32052 77 0 0 Hafenstr. 17, 24103 Kiel
10.08509 54.34725 82 10 10 Holmredder 177, 24107 Kiel
10.14326 54.34258 73 5 5 Forstweg 83, 24105 Kiel
10.15668 54.34017 77 4 4 Kiellinie 71, 24105 Kiel
10.07707 54.27887 74 12 12 Rammseer Weg 9, 24113 Molfsee
10.18204 54.32659 84 10 10 Am Seefischmarkt 13, 24148 Kiel
10.13465 54.28793 68 6 6 Barkauer Str. 8, 24145 Kiel
9.97274 54.32407 73 15 15 Immenkamp 1, 24107 Quarnbek
10.07202 54.36008 69 11 11 Trischenweg 3, 24107 Kiel
10.06743 54.28051 77 12 12 Am Osterfeld 1, 24113 Molfsee
10.12185 54.30375 80 5 5 Krusenrotter Weg 32, 24113 Kiel
10.0503 54.31199 80 11 11 Roskilder Weg 5, 24109 Kiel
10.07823 54.33665 74 10 10 Am Holm 51, 24119 Kronshagen
10.12214 54.30432 78 4 4 Krusenrotter Weg 24, 24113 Kiel
10.18761 54.29665 80 10 10 Tiroler Ring 563, 24147 Kiel
10.06803 54.31593 75 8 8 Klingkoppel 1, 24109 Kiel
10.11111 54.32107 70 3 3 Westring 201, 24116 Kiel
10.12286 54.40173 71 15 15 Linden-Allee 7, 24161 Altenholz
10.17801 54.41624 68 19 19 Seekante 39, 24159 Kiel
10.12881 54.38413 80 13 13 Posener Str. 40, 24161 Altenholz
10.14829 54.27851 70 9 9 Borsigstr. 26, 24145 Kiel
10.08432 54.35534 78 10 10 Hauskoppel 16, 24107 Kiel
10.16288 54.30831 80 9 9 Poppenrade 53, 24148 Kiel
10.1205 54.37211 79 12 12 Oskar-Kusch-Str. 2, 24161 Altenholz
10.13663 54.35761 67 8 8 Heiligendammer Str. 15, 24106 Kiel
10.14504 54.37468 67 13 13 Eekbrook 6, 24159 Kiel
10.14261 54.31103 68 4 4 Karlstal 21, 24143 Kiel
10.13493 54.35922 68 8 8 Adalbertstr. 10, 24106 Kiel
10.11165 54.32187 74 4 4 Westring 202, 24116 Kiel
10.13837 54.33438 74 3 3 Lornsenstr. 27, 24105 Kiel
10.05747 54.341 80 11 11 Auberg 4, 24107 Ottendorf
10.13678 54.38798 78 13 13 Allensteiner Weg 33, 24161 Altenholz
10.1153 54.31439 75 4 4 Dubenhorst 4, 24114 Kiel
10.13387 54.37305 73 10 10 Richthofenstr. 50, 24159 Kiel
10.07534 54.3308 75 8 8 Amalienweg 1, 24119 Kronshagen
10.13368 54.34011 71 3 3 Holtenauer Str. 160, 24105 Kiel
10.14927 54.30506 68 5 5 Blitzstr. 41, 24143 Kiel
10.17979 54.39101 84 17 17 Falckensteiner Str. 4, 24159 Kiel
10.11687 54.37204 70 13 13 Knooper Landstr. 6, 24161 Altenholz
10.18488 54.28463 77 11 11 Am Wellsee 18, 24146 Kiel
10.07085 54.30046 74 10 10 Rendsburger Landstr. 369, 24111 Kiel
10.08125 54.35897 73 9 9 Eckernförder Str. 441, 24107 Kiel
10.13256 54.37632 80 11 11 Immelmann-Str. 20, 24159 Kiel
10.17755 54.41354 77 19 19 Rudergang 30, 24159 Kiel
10.13816 54.33796 83 4 4 Adolfplatz 6, 24105 Kiel
10.17407 54.32551 76 9 9 Schönberger Str. 98, 24148 Kiel
10.13547 54.39202 69 13 13 Rote Kate 1, 24161 Altenholz
10.10768 54.34782 82 7 7 Bremerskamp 107, 24106 Kiel
10.07203 54.3569 69 11 11 Steinberg 145, 24107 Kiel
10.11763 54.32437 68 3 3 Wörthstr. 3, 24116 Kiel
10.10254 54.30632 75 6 6 Gärtnerstr. 32, 24113 Kiel
10.16739 54.29269 80 9 9 Kölenberg 48, 24145 Kiel
10.10563 54.35554 79 9 9 Steenbeker Weg 58, 24106 Kiel
10.1364 54.32877 79 2 2 Brunswiker Str. 49, 24103 Kiel
10.09579 54.34503 71 8 8 Waidmannsruh 33, 24119 Kronshagen
10.09608 54.30385 83 7 7 Hasseer Str. 71, 24113 Kiel
10.1753 54.32561 68 9 9 Schönberger Str. 82, 24148 Kiel
10.13889 54.33533 77 3 3 Waitzstr. 20, 24105 Kiel
10.13603 54.36525 77 9 9 Uferstr. 6, 24106 Kiel
10.07413 54.35193 74 11 11 Kahler Berg 22, 24107 Kiel
10.14568 54.37394 82 13 13 Lütjohannstr. 19, 24159 Kiel
10.13042 54.31791 84 1 1 Hopfenstr. 60, 24103 Kiel
10.11377 54.3001 83 5 5 Alte Gärtnerei 1, 24113 Kiel
10.12934 54.36961 79 11 11 Gravensteiner Str. 117, 24159 Kiel
10.11188 54.30449 82 5 5 Schleswiger Str. 25, 24113 Kiel
10.07416 54.31589 69 9 9 Melsdorfer Str. 45, 24109 Kiel
10.21553 54.32091 73 13 13 Oppendorfer Weg 62, 24149 Kiel
10.06607 54.30169 68 10 10 Rendsburger Landstr. 392, 24111 Kiel
10.1864 54.28362 70 11 11 Am Wellsee 34, 24146 Kiel
10.17399 54.31897 75 9 9 Stille Gasse 2, 24148 Kiel
10.16438 54.31361 74 7 7 Klosterstr. 74, 24148 Kiel
10.13032 54.38503 70 12 12 Posener Str. 14, 24161 Altenholz
10.12656 54.31964 67 1 1 Prüne 18, 24103 Kiel
10.16074 54.2934 76 9 9 Ostpreußenweg 8, 24145 Kiel
10.16329 54.31793 74 7 7 Werftstr. 67, 24148 Kiel
10.17722 54.25293 82 13 13 Rönner Damm 5, 24145 Kiel
10.04004 54.34192 82 15 15 Zum Wasserblöcken 12, 24107 Ottendorf
10.13103 54.33628 70 3 3 Knooper Weg 157, 24118 Kiel
10.15577 54.39724 80 16 16 Händelweg 1, 24159 Kiel
10.16631 54.38733 75 14 14 Prieser Strand 6, 24159 Kiel
10.13958 54.33057 82 2 2 Feldstr. 13, 24105 Kiel
10.1342 54.32177 70 1 1 Fleethörn 18, 24103 Kiel
10.08254 54.36249 83 11 11 Wippen 2, 24107 Kiel
10.13488 54.30654 73 3 3 Schwedendamm 9, 24143 Kiel
10.09066 54.32872 83 6 6 Auf der Tenne 1, 24119 Kronshagen
10.14712 54.40626 84 15 15 Uhlenhorster Weg 49, 24159 Kiel
10.06136 54.26193 83 13 13 Möwenstr. 11, 24113 Molfsee
10.1281 54.38473 78 14 14 Posener Str. 33, 24161 Altenholz
10.07009 54.33664 68 9 9 Ottendorfer Weg 31, 24107 Ottendorf
10.18469 54.29684 76 9 9 Tiroler Ring 738, 24147 Kiel
10.12148 54.32235 70 2 2 Kronshagener Weg 15, 24114 Kiel
10.08903 54.35542 75 8 8 Schneiderkamp 17, 24107 Kiel
10.12691 54.3902 73 13 13 Königsberger Str. 129, 24161 Altenholz
10.09523 54.30096 82 7 7 Rendsburger Landstr. 182, 24113 Kiel
10.19207 54.2776 78 13 13 Am Wellsee 106, 24146 Kiel
10.05773 54.31474 75 10 10 Königsförder Weg 2, 24109 Kiel
10.0749 54.33771 74 9 9 Helene-Lange-Weg 3, 24119 Kronshagen
10.0672 54.26465 68 12 12 Eiderwiesenweg 1, 24113 Molfsee
10.09422 54.32865 79 5 5 Am Horst 1, 24119 Kronshagen
10.1684 54.42761 80 19 19 Drachenbahn 4, 24159 Kiel
10.18514 54.32414 70 9 9 Stolzeweg 3, 24148 Kiel
10.16594 54.28614 68 10 10 Kirchenberg 9, 24145 Kiel
10.06793 54.28812 78 12 12 Eiderbrook 63, 24113 Kiel
10.13274 54.37611 77 11 11 Immelmann-Str. 35, 24159 Kiel
10.07439 54.36123 78 11 11 Nordseestr. 5, 24107 Kiel
9.97251 54.32466 71 15 15 Schüttenredder 9, 24107 Quarnbek
10.14826 54.37061 79 13 13 Lindenweg 5, 24159 Kiel
10.12508 54.40162 70 15 15 Linden-Allee 110, 24161 Altenholz
10.18207 54.33643 74 13 13 Salzredder 10, 24149 Kiel
10.09208 54.32441 74 6 6 Kollhorster Weg 1, 24109 Kiel
10.164 54.38813 68 14 14 Fritz-Reuter-Str. 10, 24159 Kiel
10.18672 54.32698 82 10 10 Schönberger Str. 1, 24148 Kiel
10.12723 54.36654 80 11 11 Uferstr. 56, 24106 Kiel
10.15002 54.33542 69 3 3 Luisenweg 4, 24105 Kiel
10.08452 54.2848 75 9 9 Eschenbrook 4, 24113 Molfsee
10.17769 54.31327 78 9 9 Selenter Str. 17, 24148 Kiel
10.02739 54.31864 68 10 10 Karkkamp 15, 24109 Melsdorf
10.08314 54.33153 77 7 7 Kieler Str. 84, 24119 Kronshagen
10.14805 54.2792 82 8 8 Liebigstr. 18, 24145 Kiel
10.11681 54.3611 82 9 9 Manrade 14, 24106 Kiel
10.14094 54.30329 70 5 5 Bielenbergstr. 12, 24143 Kiel
10.2041 54.31895 78 12 12 Wehdenweg 137, 24148 Kiel
10.14591 54.33149 84 3 3 Schwanenweg 16, 24105 Kiel
10.18731 54.33956 78 12 12 Hermannstr. 5, 24149 Kiel
10.12609 54.34075 71 4 4 Westring 431, 24118 Kiel
10.16888 54.3232 83 8 8 Schönberger Str. 144, 24148 Kiel
10.18456 54.29454 82 9 9 Bebelplatz 4, 24146 Kiel
10.13428 54.34735 70 5 5 Seeblick 1, 24106 Kiel
10.1729 54.32233 80 9 9 Danziger Str. 42, 24148 Kiel
10.11462 54.30086 83 5 5 Krusenrotter Weg 74, 24113 Kiel
10.18699 54.29666 75 10 10 Tiroler Ring 579, 24147 Kiel
10.07295 54.27354 80 12 12 Am Museum 8, 24113 Molfsee
10.11919 54.33231 75 4 4 Gutenbergstr. 54, 24118 Kiel
10.13102 54.37182 84 11 11 Gravensteiner Str. 73, 24159 Kiel
10.12521 54.41144 71 16 16 Freesenberg 4, 24161 Altenholz
10.06708 54.33774 80 9 9 Schoobrook 5, 24119 Kronshagen
10.07389 54.33907 76 10 10 Apenrader Weg 14, 24119 Kronshagen
9.98896 54.34359 73 17 17 Sturenberg 3, 24107 Quarnbek
10.21034 54.3212 78 13 13 Spitzenkamp 36, 24149 Kiel
10.06497 54.26531 78 12 12 Catharinenberg 1, 24113 Molfsee
10.04755 54.34341 71 12 12 Kanalweg 14, 24107 Ottendorf
10.13168 54.38643 79 13 13 Ostpreußenplatz 10, 24161 Altenholz
10.13073 54.37138 73 11 11 Gravensteiner Str. 93, 24159 Kiel
10.03049 54.31386 78 10 10 Am Dörpsdiek 11, 24109 Melsdorf
10.12899 54.39808 75 14 14 Ohlandbogen 17, 24161 Altenholz
10.12347 54.31846 73 2 2 Herzog-Friedrich-Str. 94, 24103 Kiel
10.05916 54.32104 79 10 10 Malmöweg 5, 24109 Kiel
10.13058 54.34131 70 4 4 Esmarchstr. 85, 24118 Kiel
10.13527 54.32283 73 0 0 Rathausplatz 6, 24103 Kiel
10.04276 54.34013 67 12 12 Dorfstr. 52, 24107 Ottendorf
10.13238 54.39999 74 14 14 Ohlandbogen 87, 24161 Altenholz
10.12319 54.3053 80 3 3 Stormarnstr. 4, 24113 Kiel
10.16909 54.31321 70 8 8 Posadowskystr. 7, 24148 Kiel
10.06497 54.26531 82 12 12 Catharinenberg 1, 24113 Molfsee
10.10514 54.28714 77 7 7 Meimersdorfer Weg 33, 24113 Kiel
10.15071 54.33984 77 6 6 Niemannsweg 105, 24105 Kiel
10.13662 54.30441 68 4 4 Asmusstr. 11, 24143 Kiel
10.0503 54.31199 67 11 11 Roskilder Weg 5, 24109 Kiel
10.02157 54.31568 73 10 10 Dorfstr. 78, 24109 Melsdorf
10.1668 54.32155 80 8 8 Werftstr. 3, 24148 Kiel
10.1454 54.304 74 5 5 Oldenburger Str. 11, 24143 Kiel
10.08957 54.35546 76 10 10 Schneiderkamp 18, 24107 Kiel
10.10456 54.32874 74 4 4 Dehnckestr. 1, 24116 Kiel
10.1464 54.32752 75 1 1 Kiellinie 5, 24105 Kiel
10.10528 54.31003 83 5 5 Saarbrückenstr. 114, 24114 Kiel
10.12363 54.32237 71 2 2 Eckernförder Str. 16, 24103 Kiel
10.19198 54.28 74 12 12 Fliederweg 2, 24146 Kiel
10.17621 54.26645 80 12 12 Am Teich 11, 24145 Kiel
10.07628 54.30753 83 13 13 Grünauzeile 21, 24111 Kiel
10.08447 54.3543 78 9 9 Ellerkrug 100, 24107 Kiel
10.07734 54.33794 69 11 11 Ernst-Barlach-Weg 16, 24119 Kronshagen
10.1197 54.30438 79 4 4 Dorotheenstr. 8, 24113 Kiel
10.12155 54.39532 83 13 13 Klausdorfer Str. 14, 24161 Altenholz
10.1236 54.31732 70 2 2 Kirchhofallee 38, 24114 Kiel
10.11919 54.33231 77 4 4 Gutenbergstr. 54, 24118 Kiel
10.14169 54.32804 75 3 3 Fleckenstr. 2, 24105 Kiel
10.1275 54.33769 73 4 4 Hansastr. 71, 24118 Kiel
10.12173 54.40376 73 16 16 Klausdorfer Str. 99, 24161 Altenholz
10.11833 54.32652 70 3 3 Metzstr. 3, 24116 Kiel
10.16386 54.29721 83 8 8 Konrad-Adenauer-Damm 100, 24143 Kiel
10.12863 54.31948 70 1 1 Schülperbaum 7, 24103 Kiel
10.13289 54.35439 78 7 7 Danckwerthstr. 3, 24106 Kiel
10.07015 54.33579 82 11 11 Herrenwiese 2, 24119 Kronshagen
10.17149 54.39433 80 17 17 Stettiner Platz 8, 24159 Kiel
10.08567 54.29062 76 9 9 Speckenbeker Weg 48, 24113 Kiel
10.12291 54.32326 78 2 2 Eckernförder Str. 28, 24103 Kiel
10.13116 54.36957 76 12 12 Mählsweg 38, 24159 Kiel
10.07128 54.26776 77 12 12 Stuthagen 23, 24113 Molfsee
10.11667 54.27282 73 10 10 Bokseer Weg 4, 24145 Kiel
10.11019 54.32592 78 5 5 Nietzschestr. 1, 24116 Kiel
10.17215 54.31009 79 8 8 Tröndelweg 1, 24148 Kiel
10.12366 54.30403 76 4 4 Theodor-Heuss-Ring 73, 24113 Kiel
10.15608 54.4036 83 16 16 Dorf 1, 24159 Kiel
10.18521 54.40982 82 18 18 Palisadenweg 143, 24159 Kiel
10.1305 54.40716 71 16 16 Kiefernweg 1, 24161 Altenholz
10.05644 54.33995 78 10 10 An der Au 2, 24107 Ottendorf
10.018 54.31567 73 11 11 Dorfstr. 86, 24109 Melsdorf
10.16425 54.28043 82 10 10 Edisonstr. 29, 24145 Kiel
10.12783 54.33188 79 2 2 Knooper Weg 110, 24118 Kiel
10.10969 54.35729 70 9 9 Wolperdingstr. 1, 24106 Kiel
9.98875 54.33379 83 15 15 Ziegelhofer Weg 1, 24107 Quarnbek
10.14263 54.32513 83 1 1 Dänische Str. 44, 24103 Kiel
10.15399 54.39542 71 16 16 Wagnerring 54, 24159 Kiel
10.17319 54.39643 78 17 17 Hecktstr. 3, 24159 Kiel
10.0609 54.26294 83 13 13 Schulstr. 7, 24113 Molfsee
10.06206 54.32174 78 10 10 Gotlandwinkel 16, 24109 Kiel
10.16684 54.42138 83 18 18 Schilkseer Str. 165, 24159 Kiel
10.12991 54.34871 67 6 6 Projensdorfer Str. 23, 24106 Kiel
10.13684 54.307 71 4 4 Schwedendamm 12, 24143 Kiel
10.05149 54.32168 69 10 10 Skandinaviendamm 342, 24109 Kiel
10.13262 54.32945 71 2 2 Holtenauer Str. 12, 24105 Kiel
10.14855 54.3085 80 6 6 Gaußstr. 39, 24143 Kiel
10.15088 54.3361 82 3 3 Karolinenweg 1, 24105 Kiel
10.12713 54.40228 75 16 16 Ebereschenweg 74, 24161 Altenholz
10.15533 54.28794 77 10 10 Olbrichtweg 1, 24145 Kiel
10.11342 54.281 79 10 10 Anemonenweg 21, 24145 Kiel
10.12848 54.29895 79 5 5 Maybachstr. 13, 24113 Kiel
10.04813 54.3273 77 12 12 Turkuring 30, 24109 Kiel
10.05393 54.33308 83 14 14 Lofotenweg 109, 24109 Kiel
10.15416 54.27375 71 9 9 Ottostr. 8, 24145 Kiel
10.20563 54.28028 79 16 16 Partenkirchener Str. 35, 24146 Kiel
10.17319 54.39643 82 17 17 Hecktstr. 3, 24159 Kiel
10.12444 54.32599 75 3 3 Goethestr. 6, 24116 Kiel
10.09775 54.35741 71 10 10 Steenbeker Weg 193, 24106 Kiel
10.1385 54.30548 83 4 4 Sörensenstr. 30, 24143 Kiel
10.1478 54.31361 77 5 5 Elisabethstr. 38, 24143 Kiel
10.1219 54.32182 80 2 2 Hermann-Weigmann-Str. 1, 24103 Kiel
10.12198 54.32431 68 3 3 Eckernförder Str. 34, 24116 Kiel
10.11743 54.39628 83 14 14 Klausdorfer Str. 46, 24161 Altenholz
10.13546 54.32871 83 2 2 Brunswiker Str. 53, 24103 Kiel
10.12818 54.28228 69 7 7 Dwerkoppel 2, 24145 Kiel
10.07307 54.35303 75 13 13 Steinberg 44, 24107 Kiel
10.14643 54.34571 77 6 6 Niemannsweg 160, 24105 Kiel
10.17873 54.26699 67 12 12 Am Teich 15, 24145 Kiel
10.17186 54.4231 84 18 18 Langenfelde 19, 24159 Kiel
10.15389 54.38427 71 13 13 Schusterkrug 4, 24159 Kiel
10.12154 54.40352 74 16 16 Klausdorfer Str. 106, 24161 Altenholz
10.09159 54.34244 69 7 7 Albert-Schweitzer-Str. 1, 24119 Kronshagen
10.13088 54.41059 82 15 15 Erdbeerfeld 2, 24161 Altenholz
10.06278 54.32097 80 11 11 Gotlandwinkel 2, 24109 Kiel
10.16307 54.29138 79 9 9 Segeberger Landstr. 83, 24145 Kiel
10.17024 54.32149 76 9 9 Wellingdorfer Str. 1, 24148 Kiel
10.15242 54.26239 71 9 9 Schlüsstücken 2, 24145 Kiel
10.12091 54.30287 70 4 4 Krusenrotter Weg 40, 24113 Kiel
10.07035 54.36075 74 11 11 Nordseestr. 120, 24107 Kiel
10.11286 54.30307 83 4 4 Diesterweg-Str. 5, 24113 Kiel
10.15547 54.3953 78 15 15 Wagnerring 112, 24159 Kiel
10.17156 54.41943 76 17 17 Langenfelde 83, 24159 Kiel
10.13103 54.33628 71 3 3 Knooper Weg 157, 24118 Kiel
10.09992 54.3322 75 5 5 Eschenkamp 5, 24119 Kronshagen
10.13525 54.34247 84 5 5 Hardenbergstr. 3, 24105 Kiel
10.13721 54.39568 79 13 13 Klausdorfer Landstr. 27, 24161 Altenholz
10.0798 54.28285 83 10 10 Am Hang 27, 24113 Molfsee
10.05758 54.34243 75 11 11 Kiewittsholm 9, 24107 Ottendorf
9.97207 54.32278 75 15 15 Lindenkamp 11, 24107 Quarnbek
10.2067 54.32416 69 13 13 Landweg 6, 24149 Kiel
10.1033 54.34011 74 6 6 Eckernförder Str. 243, 24119 Kronshagen
10.14064 54.3252 67 1 1 Alte Feuerwache 14, 24103 Kiel
10.09548 54.30264 79 8 8 Hasseer Str. 81, 24113 Kiel
10.13304 54.34594 73 5 5 Holtenauer Str. 232, 24105 Kiel
10.01625 54.33973 82 15 15 Petersilienweg 2, 24107 Quarnbek
10.16237 54.38939 82 15 15 Fritz-Reuter-Str. 20, 24159 Kiel
10.11953 54.324 68 3 3 Wilhelmplatz 6, 24116 Kiel
10.12536 54.32136 73 2 2 Kronshagener Weg 2, 24103 Kiel
10.12924 54.39899 68 15 15 Ohlandbogen 25, 24161 Altenholz
10.17455 54.41781 80 18 18 Funkstellenweg 12, 24159 Kiel
10.19465 54.27598 70 14 14 Bachstelzenweg 24, 24146 Kiel
10.05332 54.2993 82 11 11 Hinter Bramberg 19, 24111 Kiel
10.11672 54.39832 75 15 15 Klausdorfer Str. 68, 24161 Altenholz
10.14289 54.28239 73 8 8 Hopfenlandsberg 24, 24145 Kiel
10.10513 54.3046 73 6 6 Rendsburger Landstr. 90, 24113 Kiel
10.14725 54.37113 77 14 14 Grimmstr. 5, 24159 Kiel
10.0498 54.31553 79 10 10 Jütlandring 6, 24109 Kiel
10.07262 54.35243 69 11 11 Steinberg 24, 24107 Kiel
10.11997 54.31283 76 3 3 Papenkamp 57, 24114 Kiel
10.15451 54.30977 70 6 6 Stoschstr. 43, 24143 Kiel
10.11342 54.35955 76 8 8 Projensdorfer Str. 199, 24106 Kiel
10.07633 54.36595 73 12 12 Ostseestr. 122, 24107 Kiel
10.10792 54.35487 82 9 9 Steenbeker Weg 46, 24106 Kiel
10.16678 54.28287 67 10 10 Pötterweg 1, 24145 Kiel
10.08979 54.32728 83 6 6 Volbehrstr. 23, 24119 Kronshagen
10.08262 54.3522 71 9 9 Alter Viedamm 43, 24107 Kiel
10.1177 54.30562 80 4 4 Rendsburger Landstr. 7, 24113 Kiel
10.1643 54.31066 75 9 9 Hollwisch 1, 24148 Kiel
10.05331 54.32258 83 11 11 Kurt-Schumacher-Platz 4, 24109 Kiel
10.1665 54.39819 74 16 16 Liliencronstr. 5, 24159 Kiel
10.06938 54.30203 76 11 11 Tempelhofer Weg 1, 24111 Kiel
10.11809 54.30621 69 6 6 Theodor-Heuss-Ring 49, 24113 Kiel
10.10437 54.30946 76 5 5 Saarbrückenstr. 142, 24113 Kiel
10.14764 54.31502 82 6 6 Norddeutsche Str. 25, 24143 Kiel
10.07351 54.33606 82 8 8 Suchsdorfer Weg 1, 24119 Kronshagen
10.15688 54.33845 74 4 4 Kiellinie 65, 24105 Kiel
10.16533 54.32365 74 9 9 Julienstr. 11, 24148 Kiel
10.19205 54.28428 77 12 12 Rönner Weg 25, 24146 Kiel
10.03138 54.31831 83 10 10 Dorfstr. 9, 24109 Melsdorf
10.13069 54.36072 82 9 9 Schleusenstr. 1, 24106 Kiel
10.15362 54.25719 75 10 10 Zum Schlüsbeker Moor 54, 24145 Kiel
10.02162 54.31443 83 10 10 Birkenweg 22, 24109 Melsdorf
10.08685 54.35756 69 9 9 Weissdornweg 13, 24107 Kiel
10.13942 54.32399 77 1 1 Klosterkirchhof 11, 24103 Kiel
10.13253 54.34241 79 4 4 Hardenbergstr. 23, 24118 Kiel
10.18399 54.32416 80 9 9 Faulmannweg 10, 24148 Kiel
10.11691 54.3263 68 3 3 Weißenburgstr. 33, 24116 Kiel
10.10957 54.31175 84 4 4 Saarbrückenstr. 54, 24114 Kiel
10.13883 54.32313 69 1 1 Alter Markt 17, 24103 Kiel
10.10248 54.3682 74 11 11 Stadtparkweg 8, 24106 Kiel
10.06933 54.35571 84 12 12 Langer Hof 7, 24107 Kiel
10.15188 54.33585 82 4 4 Düsternbrooker Weg 77, 24105 Kiel
10.16944 54.28678 83 9 9 Segeberger Landstr. 139, 24145 Kiel
10.14557 54.40817 71 15 15 Uhlenhorster Weg 55, 24159 Kiel
10.17502 54.38972 77 16 16 Skagerrakufer 5, 24159 Kiel
10.15425 54.28152 69 10 10 Bunsenstr. 24, 24145 Kiel
10.0419 54.34097 69 13 13 Langenfelde 4, 24107 Ottendorf
10.06932 54.3599 79 12 12 Hoogewinkel 1, 24107 Kiel
10.13452 54.30401 74 5 5 Oldesloer Str. 5, 24143 Kiel
10.07875 54.28154 77 10 10 Mielkendorfer Weg 4, 24113 Molfsee
10.06763 54.32418 68 8 8 Russeer Weg 212, 24109 Kiel
10.12189 54.32219 77 2 2 Hermann-Weigmann-Str. 2, 24103 Kiel
10.12717 54.28216 74 8 8 Grotenbrook 2, 24145 Kiel
10.11546 54.32605 77 4 4 Westring 256, 24116 Kiel
10.19243 54.28765 71 11 11 Isarweg 4, 24146 Kiel
10.13546 54.32871 68 2 2 Brunswiker Str. 53, 24103 Kiel
10.07409 54.27245 71 10 10 Hamburger Landstr. 108, 24113 Molfsee
10.1704 54.42466 77 19 19 Langenfelde 2, 24159 Kiel
10.05758 54.34243 75 11 11 Kiewittsholm 9, 24107 Ottendorf
10.11533 54.32716 84 4 4 Geibelplatz 3, 24116 Kiel
10.11554 54.28208 69 9 9 Am Biberbach 10, 24145 Kiel
10.14658 54.34663 69 6 6 Bismarckallee 27, 24105 Kiel
10.13827 54.34303 70 5 5 Scharnhorststr. 2, 24105 Kiel
10.14352 54.33129 78 3 3 Michaelisstr. 1, 24105 Kiel
10.15768 54.42254 79 20 20 Alter Kirchweg 20, 24159 Kiel
10.19675 54.27758 77 15 15 Am Wellsee 138, 24146 Kiel
10.16556 54.31689 70 8 8 Hollmannstr. 27, 24148 Kiel
10.13915 54.37498 71 12 12 Nehringweg 69, 24159 Kiel
10.17005 54.39813 71 16 16 Friedrichsorter Str. 26, 24159 Kiel
10.13264 54.28089 68 8 8 Radewisch 141, 24145 Kiel
10.1337 54.33946 71 3 3 Holtenauer Str. 154, 24105 Kiel
10.17709 54.41469 80 19 19 Graf-Luckner-Str. 53, 24159 Kiel
10.15677 54.2816 73 10 10 Dorothea-Erxleben-Str. 5, 24145 Kiel
10.18488 54.28463 76 11 11 Am Wellsee 18, 24146 Kiel
10.04157 54.34052 74 14 14 Zum Wasserblöcken 2, 24107 Ottendorf
10.1374 54.32251 78 1 1 Faulstr. 2, 24103 Kiel
10.07885 54.36227 70 11 11 Usedomer Weg 10, 24107 Kiel
10.12515 54.30664 73 4 4 Alte Lübecker Chaussee 16, 24114 Kiel
10.14615 54.26577 71 10 10 Steindamm 108, 24145 Kiel
10.09582 54.31784 79 6 6 Diekweg 16, 24114 Kiel
10.12997 54.31956 71 1 1 Bäckergang 3, 24103 Kiel
10.13406 54.28566 79 6 6 Poppenkamp 2, 24145 Kiel
10.11541 54.32748 70 5 5 Geibelplatz 5, 24116 Kiel
10.13415 54.33916 73 4 4 Wrangelstr. 61, 24105 Kiel
10.13368 54.34011 80 3 3 Holtenauer Str. 160, 24105 Kiel
10.05043 54.34034 82 11 11 Dorfstr. 37, 24107 Ottendorf
10.10162 54.34971 76 7 7 Mangoldtstr. 14, 24106 Kiel
10.1338 54.39984 76 15 15 Aukamp 56, 24161 Altenholz
10.18762 54.28725 71 10 10 Illerweg 11, 24146 Kiel
10.11382 54.32405 78 3 3 Frerichsstr. 3, 24116 Kiel
10.169 54.32309 76 9 9 Schönberger Str. 155, 24148 Kiel
10.04939 54.34079 74 11 11 Dorfstr. 36, 24107 Ottendorf
10.18043 54.30068 76 9 9 Tiroler Ring 252, 24147 Kiel
10.10974 54.32691 69 4 4 Max-Giese-Str. 3, 24116 Kiel
10.16317 54.39468 71 15 15 Ottomar-Enking-Str. 55, 24159 Kiel
10.07517 54.32842 80 9 9 Hofbrook 38, 24119 Kronshagen
10.08579 54.33536 78 9 9 Meddagskamp 1, 24119 Kronshagen
10.13237 54.33227 71 2 2 Holtenauer Str. 62, 24105 Kiel
10.12173 54.40376 76 16 16 Klausdorfer Str. 99, 24161 Altenholz
10.12507 54.28109 83 9 9 Langkoppel 2, 24145 Kiel
10.11851 54.397 83 15 15 Struckbrook 11, 24161 Altenholz
10.11836 54.29805 82 6 6 Krummbogen 31, 24113 Kiel
10.1751 54.41781 75 18 18 Funkstellenweg 24, 24159 Kiel
10.04635 54.31902 73 10 10 Fanöweg 1, 24109 Kiel
10.17506 54.29201 74 9 9 Im Dorfe 4, 24146 Kiel
10.09197 54.3547 71 9 9 Steenbeker Weg 215, 24107 Kiel
10.15314 54.31147 71 6 6 Jachmannstr. 3, 24143 Kiel
10.18728 54.28474 82 11 11 Pottberghang 8, 24146 Kiel
10.13227 54.33811 70 3 3 Bremerstr. 2, 24118 Kiel
10.13262 54.32945 77 2 2 Holtenauer Str. 12, 24105 Kiel
10.07998 54.33659 80 10 10 Holländerey 9, 24119 Kronshagen
10.09523 54.30096 83 7 7 Rendsburger Landstr. 182, 24113 Kiel
10.10509 54.3111 73 6 6 Dudweilerstr. 3, 24114 Kiel
10.09317 54.29086 79 8 8 Hamburger Chaussee 334, 24113 Kiel
10.11038 54.35796 79 9 9 Charles-Roß-Ring 118, 24106 Kiel
10.08903 54.33157 75 8 8 Villenweg 5, 24119 Kronshagen
10.08087 54.33005 84 9 9 Hofbrook 8, 24119 Kronshagen
10.16372 54.30982 82 9 9 Röhbarg 13, 24148 Kiel
10.05024 54.30309 80 9 9 Rendsburger Landstr. 486, 24111 Kiel
10.14332 54.33306 82 3 3 Niemannsweg 11, 24105 Kiel
10.09255 54.3198 68 5 5 Hasseldieksdammer Weg 220, 24109 Kiel
10.05999 54.35894 78 13 13 Kanalweiche 71, 24107 Kiel
10.13893 54.32384 84 1 1 Haßstr. 3, 24103 Kiel
