1001
10.13847 54.32255 0 0 0 Holstenstr. 12, 24103 Kiel
10.08447 54.3543 79 9 9 Ellerkrug 100, 24107 Kiel
10.1358 54.41213 79 16 16 Teichkoppel 74, 24161 Altenholz
10.12783 54.33188 85 2 2 Knooper Weg 110, 24118 Kiel
10.06735 54.32496 82 8 8 Skandinaviendamm 205, 24109 Kiel
10.12039 54.31669 91 3 3 Harmsstr. 68, 24114 Kiel
10.15914 54.39427 76 16 16 Beethovenweg 65, 24159 Kiel
10.07592 54.34965 91 10 10 Wetterbek 32, 24107 Kiel
10.16554 54.3116 85 8 8 Posadowskystr. 68, 24148 Kiel
10.15668 54.34017 76 4 4 Kiellinie 71, 24105 Kiel
10.07151 54.31698 92 8 8 Martenshofweg 3, 24109 Kiel
10.05576 54.34055 81 10 10 Dorfstr. 10, 24107 Ottendorf
10.11643 54.2966 75 6 6 Holunderbusch 42, 24113 Kiel
10.06206 54.30104 75 10 10 Rendsburger Landstr. 408, 24111 Kiel
10.14131 54.28559 82 7 7 Fettberg 1, 24145 Kiel
10.12905 54.38449 76 13 13 Posener Str. 25, 24161 Altenholz
10.06879 54.35972 91 12 12 Hoogewinkel 10, 24107 Kiel
10.12599 54.39734 75 14 14 Ohlandbogen 1, 24161 Altenholz
10.21288 54.31986 88 14 14 Kiebitzbek 45, 24149 Kiel
10.12633 54.31482 79 2 2 Königsweg 43, 24114 Kiel
10.07573 54.33885 82 9 9 Güstrower Weg 8, 24119 Kronshagen
10.12868 54.35844 75 7 7 Hohenrade 7, 24106 Kiel
10.04564 54.29869 90 10 10 Am Ihlberg 10, 24109 Melsdorf
10.07995 54.3573 88 10 10 Amrumring 17, 24107 Kiel
10.17744 54.29311 77 9 9 Jettkorn 3, 24146 Kiel
10.16943 54.31375 87 8 8 Franziusallee 131, 24148 Kiel
10.19733 54.28888 77 11 11 Starnberger Str. 94, 24146 Kiel
10.16318 54.38876 88 15 15 Fritz-Reuter-Str. 15, 24159 Kiel
10.07281 54.31881 91 7 7 Hofholzallee 131, 24109 Kiel
10.08493 54.33419 76 7 7 Haßknöll 1, 24119 Kronshagen
10.07961 54.34972 74 10 10 Wetterbek 17, 24107 Kiel
10.15858 54.39554 88 15 15 Beethovenweg 3, 24159 Kiel
10.07126 54.30069 80 10 10 Rendsburger Landstr. 366, 24111 Kiel
10.17353 54.41207 76 19 19 Delphinweg 7, 24159 Kiel
10.03968 54.34029 81 13 13 Dorfstr. 64, 24107 Ottendorf
10.11453 54.28253 92 9 9 Im Hasengrund 2, 24145 Kiel
10.13836 54.28097 77 8 8 Drosselstieg 1, 24145 Kiel
10.10793 54.31813 88 4 4 Hasseldieksdammer Weg 1, 24114 Kiel
10.18126 54.26459 77 13 13 Wolblöken 1, 24145 Kiel
10.12498 54.33072 88 2 2 Goethestr. 31, 24116 Kiel
10.05747 54.33094 80 12 12 Spitzbergenweg 2, 24109 Kiel
10.12388 54.30236 76 4 4 Alte Eichen 21, 24113 Kiel
10.13612 54.3553 92 8 8 Kiellinie 275, 24106 Kiel
10.13487 54.39909 90 15 15 Aukamp 67, 24161 Altenholz
10.0691 54.3569 83 12 12 Rethbruch 24, 24107 Kiel
10.07895 54.33601 77 9 9 Am Holm 10, 24119 Kronshagen
10.12589 54.3612 75 8 8 Hans-Detlev-Prien-Str. 8, 24106 Kiel
10.12961 54.38703 83 12 12 Memeler Str. 2, 24161 Altenholz
10.13441 54.34454 86 5 5 Kleiststr. 15, 24105 Kiel
10.18421 54.30019 90 9 9 Grazer Str. 1, 24147 Kiel
10.01291 54.34162 92 15 15 Alte Landstr. 19, 24107 Quarnbek
10.17304 54.29305 92 8 8 Haselbusch 15, 24146 Kiel
10.09402 54.30963 79 7 7 Hedenholz 27, 24113 Kiel
10.19691 54.29339 83 11 11 Starnberger Str. 26, 24146 Kiel
10.16936 54.39528 77 16 16 Gorch-Fock-Str. 2, 24159 Kiel
10.13511 54.35873 79 9 9 Weimarer Str. 1, 24106 Kiel
10.1289 54.32231 82 2 2 Dammstr. 21, 24103 Kiel
10.19069 54.29243 82 10 10 Troppauer Str. 35, 24146 Kiel
10.07448 54.36155 82 11 11 Nordseestr. 8, 24107 Kiel
10.13265 54.3209 87 2 2 Kleiner Kuhberg 12, 24103 Kiel
10.07633 54.36595 86 12 12 Ostseestr. 122, 24107 Kiel
10.13195 54.38259 80 13 13 Breslauer Str. 3, 24161 Altenholz
10.12496 54.33195 74 2 2 Hansastr. 2, 24118 Kiel
10.13711 54.34151 82 4 4 Blücherplatz 1, 24105 Kiel
10.17879 54.34403 75 14 14 Zum Kesselort 40, 24149 Kiel
10.13376 54.35536 77 7 7 Mercatorstr. 7, 24106 Kiel
10.18351 54.28743 75 10 10 Kruppallee 2, 24146 Kiel
10.17357 54.31833 91 10 10 Hangstr. 10, 24148 Kiel
10.14179 54.28093 86 8 8 Reesenberg 57, 24145 Kiel
10.1156 54.34718 83 8 8 Am Botanischen Garten 4, 24118 Kiel
10.07928 54.28051 92 12 12 Hamburger Landstr. 58, 24113 Molfsee
10.12934 54.36961 77 11 11 Gravensteiner Str. 117, 24159 Kiel
10.13131 54.32272 90 1 1 Rathausstr. 1, 24103 Kiel
10.09211 54.31178 74 8 8 Rodenbeker Weg 1, 24113 Kiel
10.16278 54.30523 91 6 6 Geschwister-Scholl-Str. 9, 24143 Kiel
10.10327 54.309 81 5 5 Saarbrückenstr. 154, 24113 Kiel
10.13782 54.28042 75 8 8 Barkauer Str. 70, 24145 Kiel
10.17215 54.31009 92 8 8 Tröndelweg 1, 24148 Kiel
10.17016 54.39387 79 17 17 Prieser Höhe 1, 24159 Kiel
10.13777 54.34712 92 5 5 Düvelsbeker Weg 47, 24105 Kiel
10.12842 54.31248 87 2 2 Sophienblatt 50, 24114 Kiel
10.06801 54.31224 86 9 9 Russeer Weg 110, 24109 Kiel
10.1219 54.30207 76 5 5 Vogelhain 16, 24113 Kiel
10.05681 54.34051 75 10 10 Auberg 2, 24107 Ottendorf
10.11261 54.32117 76 3 3 Hasseldieksdammer Weg 41, 24116 Kiel
10.13948 54.34549 75 6 6 Feldstr. 144, 24105 Kiel
10.11932 54.39409 83 15 15 Dreiangel 43, 24161 Altenholz
10.12942 54.34329 88 5 5 Niebuhrstr. 42, 24118 Kiel
10.18432 54.31754 91 9 9 Klausdorfer Weg 205, 24148 Kiel
10.09084 54.31006 76 8 8 Schönwohlder Weg 14, 24113 Kiel
10.11674 54.32177 83 3 3 Hasseldieksdammer Weg 23, 24116 Kiel
10.10557 54.30843 86 7 7 Wassilystr. 24, 24113 Kiel
10.07661 54.34956 80 10 10 Wetterbek 59, 24107 Kiel
9.98678 54.33207 82 15 15 Am Breitschlag 5, 24107 Quarnbek
10.02795 54.31674 76 10 10 Radebrüche 3, 24109 Melsdorf
10.08808 54.35575 92 9 9 Lärchenweg 4, 24107 Kiel
10.02332 54.31912 75 11 11 Karkkamp 21, 24109 Melsdorf
10.15709 54.39749 82 16 16 Händelweg 38, 24159 Kiel
10.21034 54.3212 87 13 13 Spitzenkamp 36, 24149 Kiel
10.11963 54.28279 80 8 8 Kieler Weg 74, 24145 Kiel
10.07413 54.30742 76 11 11 Wannseebogen 32, 24111 Kiel
10.07404 54.36321 75 11 11 Fehmarnwinkel 9, 24107 Kiel
10.13178 54.31922 90 1 1 Lange Reihe 26, 24103 Kiel
10.06308 54.35515 76 12 12 Gut Schwartenbek 1, 24107 Kiel
10.12928 54.3507 91 7 7 Heider Str. 21, 24106 Kiel
10.1673 54.4172 88 17 17 Schilkseer Str. 114, 24159 Kiel
10.04978 54.34032 75 11 11 Dorfstr. 41, 24107 Ottendorf
10.16439 54.38878 79 14 14 Schurskamp 1, 24159 Kiel
10.06179 54.32316 85 9 9 Göteborgring 60, 24109 Kiel
10.1316 54.34133 88 4 4 Esmarchstr. 81, 24118 Kiel
10.14082 54.29474 77 8 8 Sieversdiek 118, 24145 Kiel
10.0633 54.31454 82 10 10 Heitholmer Weg 35, 24109 Kiel
10.07351 54.33606 79 8 8 Suchsdorfer Weg 1, 24119 Kronshagen
10.08337 54.33344 82 7 7 Haßknöll 17, 24119 Kronshagen
10.13487 54.32286 74 0 0 Rathausplatz 2, 24103 Kiel
10.14441 54.31431 92 6 6 Kieler Str. 12, 24143 Kiel
10.16949 54.3234 77 8 8 Schönberger Str. 138, 24148 Kiel
10.06435 54.26248 92 12 12 Hamburger Chaussee 18, 24113 Molfsee
10.20032 54.31923 81 12 12 Benzstr. 1, 24148 Kiel
10.09904 54.3522 74 10 10 Feuerbachstr. 63, 24107 Kiel
10.06924 54.35392 86 14 14 Horstblick 3, 24107 Kiel
9.99011 54.34194 79 17 17 Möhlenbarg 1, 24107 Quarnbek
10.12968 54.40685 75 16 16 Tannenweg 1, 24161 Altenholz
10.13767 54.33704 83 3 3 Adolfstr. 50, 24105 Kiel
10.18664 54.33166 92 11 11 Reichweinweg 2, 24149 Kiel
10.11287 54.30576 79 5 5 Rendsburger Landstr. 40, 24113 Kiel
10.16441 54.39837 88 16 16 Joachim-Mähl-Str. 1, 24159 Kiel
10.12546 54.30442 81 4 4 Alte Lübecker Chaussee 34, 24113 Kiel
10.13361 54.29025 91 6 6 Kniestr. 6, 24145 Kiel
10.14574 54.36395 91 10 10 Mecklenburger Str. 58, 24106 Kiel
10.09211 54.31178 79 8 8 Rodenbeker Weg 1, 24113 Kiel
10.12742 54.36988 85 12 12 Geheimrat-Schultz-Weg 16, 24159 Kiel
10.17232 54.32472 79 9 9 Schönberger Str. 133, 24148 Kiel
10.18385 54.29722 90 8 8 Wiener Allee 2, 24147 Kiel
10.12866 54.37076 90 11 11 Waffenschmiede 1, 24159 Kiel
10.12877 54.33337 85 3 3 Schauenburgerstr. 58, 24105 Kiel
10.06895 54.30031 90 10 10 Rendsburger Landstr. 379, 24111 Kiel
10.15728 54.40363 74 15 15 Dorf 18, 24159 Kiel
10.09863 54.34293 76 6 6 Möllerstr. 2, 24119 Kronshagen
10.07379 54.31549 80 9 9 Melsdorfer Str. 49, 24109 Kiel
10.1704 54.41279 92 19 19 Seehundweg 1, 24159 Kiel
10.15002 54.30815 79 5 5 Ostring 105, 24143 Kiel
10.06984 54.27676 77 13 13 Holm 6, 24113 Molfsee
10.18807 54.29668 75 11 11 Tiroler Ring 561, 24147 Kiel
10.09192 54.35803 91 10 10 Alter Steenbeker Weg 1, 24107 Kiel
10.08667 54.28473 75 9 9 Wiesenweg 2, 24113 Molfsee
10.19255 54.32873 82 10 10 Schönkirchener Str. 37, 24149 Kiel
10.14658 54.34663 91 6 6 Bismarckallee 27, 24105 Kiel
10.08341 54.35319 82 9 9 Klinkerwisch 14, 24107 Kiel
10.16735 54.30091 76 8 8 Großer Kamp 56, 24147 Kiel
10.1334 54.34192 88 4 4 Holtenauer Str. 178, 24105 Kiel
10.12792 54.32212 76 2 2 Dammstr. 56, 24103 Kiel
10.18126 54.26459 76 13 13 Wolblöken 1, 24145 Kiel
10.07573 54.33885 87 9 9 Güstrower Weg 8, 24119 Kronshagen
10.07706 54.33829 86 9 9 Ernst-Barlach-Weg 14, 24119 Kronshagen
10.15883 54.39158 90 16 16 Fehrsstr. 1, 24159 Kiel
10.0596 54.25928 75 13 13 Möwenstr. 15, 24113 Molfsee
10.13557 54.33348 79 3 3 Gerhardstr. 18, 24105 Kiel
10.12707 54.35814 76 7 7 Hohenrade 15, 24106 Kiel
10.0557 54.3313 85 11 11 Tromsöstr. 21, 24109 Kiel
10.12792 54.36463 92 9 9 Timmerberg 19, 24106 Kiel
10.19925 54.33191 86 13 13 Steertsraderedder 40, 24149 Kiel
10.10294 54.34823 80 7 7 Baumgartenstr. 1, 24106 Kiel
10.09022 54.35626 86 9 9 Schneiderkamp 28, 24107 Kiel
10.12655 54.37547 83 11 11 Am Jägersberg 10, 24161 Altenholz
10.12015 54.32629 83 3 3 Eckernförder Str. 51, 24116 Kiel
10.16537 54.39662 77 15 15 Claudiusstr. 13, 24159 Kiel
10.05351 54.33324 80 12 12 Lofotenweg 113, 24109 Kiel
10.12813 54.28273 85 7 7 Grot Steenbusch 87, 24145 Kiel
10.18876 54.29578 81 9 9 Troppauer Str. 1, 24146 Kiel
10.07784 54.36239 76 11 11 Usedomer Weg 9, 24107 Kiel
10.11719 54.39419 77 15 15 Willy-Busch-Str. 1, 24161 Altenholz
10.08801 54.34027 88 7 7 Fußsteigkoppel 1, 24119 Kronshagen
10.13637 54.38818 75 13 13 Allensteiner Weg 35, 24161 Altenholz
10.17029 54.32362 75 8 8 Schönberger Str. 143, 24148 Kiel
10.14006 54.33543 81 3 3 Feldstr. 38, 24105 Kiel
10.16533 54.31335 75 7 7 Plöner Str. 48, 24148 Kiel
10.09333 54.34478 91 7 7 Albert-Schweitzer-Str. 6, 24119 Kronshagen
10.0913 54.33278 85 6 6 Hasselkamp 56, 24119 Kronshagen
10.17536 54.39107 90 15 15 Christianspries 5, 24159 Kiel
9.98814 54.34189 90 17 17 Ginsterbusch 2, 24107 Quarnbek
10.07326 54.36215 91 11 11 Pellwormer Weg 4, 24107 Kiel
10.18076 54.33166 91 12 12 Nanthingasse 2, 24149 Kiel
10.13487 54.39909 88 15 15 Aukamp 67, 24161 Altenholz
10.08687 54.32821 76 7 7 Bürgermeister-Drews-Str. 47, 24119 Kronshagen
10.0288 54.31411 77 10 10 Am Dörpsdiek 35, 24109 Melsdorf
10.14613 54.315 82 6 6 Schulstr. 2, 24143 Kiel
10.11389 54.31367 83 4 4 Brunsrade 4, 24114 Kiel
10.13416 54.3881 79 12 12 Elbinger Weg 37, 24161 Altenholz
10.12999 54.35052 92 6 6 Heider Str. 27, 24106 Kiel
9.99284 54.34124 85 17 17 Mönkbergseck 16, 24107 Quarnbek
10.13809 54.32804 83 2 2 Blocksberg 1, 24103 Kiel
10.07019 54.29558 90 14 14 Am Waldrand 1, 24113 Kiel
10.07312 54.31419 83 9 9 Melsdorfer Str. 73, 24109 Kiel
10.09775 54.35741 80 10 10 Steenbeker Weg 193, 24106 Kiel
10.12546 54.32077 80 2 2 Adelheidstr. 26, 24103 Kiel
10.17813 54.31886 91 8 8 Klausdorfer Weg 163, 24148 Kiel
10.04793 54.29894 83 10 10 Hinter Bramberg 30, 24109 Melsdorf
10.11215 54.32344 85 4 4 Westring 227, 24116 Kiel
10.08509 54.34725 81 10 10 Holmredder 177, 24107 Kiel
10.10226 54.30592 90 6 6 Gärtnerstr. 32, 24113 Kiel
10.17165 54.39579 75 17 17 Waldemar-Bonsels-Str. 8, 24159 Kiel
10.13215 54.33078 80 2 2 Holtenauer Str. 20, 24105 Kiel
10.14076 54.37168 75 12 12 Schwester-Therese-Str. 13, 24159 Kiel
10.13901 54.30742 91 4 4 Preetzer Str. 2, 24143 Kiel
10.11517 54.32157 85 3 3 Hasseldieksdammer Weg 27, 24116 Kiel
10.0568 54.30175 79 10 10 Rendsburger Landstr. 444, 24111 Kiel
10.13079 54.35538 75 6 6 Holtenauer Str. 299, 24106 Kiel
10.1228 54.32365 86 3 3 Sternstr. 21, 24103 Kiel
10.11594 54.32615 79 4 4 Spichernstr. 10, 24116 Kiel
10.19416 54.27584 88 14 14 Bachstelzenweg 20, 24146 Kiel
10.12711 54.32451 76 2 2 Damperhofstr. 4, 24103 Kiel
10.12216 54.40894 86 16 16 Freesenberg 90, 24161 Altenholz
10.08987 54.29598 79 9 9 Speckenbeker Weg 122, 24113 Kiel
10.08915 54.2995 87 8 8 Rendsburger Landstr. 218, 24113 Kiel
10.15632 54.39775 75 14 14 Händelweg 65, 24159 Kiel
10.16915 54.42178 87 18 18 Schlimbachallee 26, 24159 Kiel
10.09419 54.34971 83 8 8 Klausbrooker Weg 5, 24107 Kiel
10.07088 54.36091 83 13 13 Nordseestr. 108, 24107 Kiel
10.15616 54.3953 80 15 15 Wagnerring 128, 24159 Kiel
10.1228 54.3234 75 2 2 Eckernförder Str. 30, 24103 Kiel
10.19457 54.32906 86 10 10 Schönkirchener Str. 47, 24149 Kiel
10.13797 54.32327 76 1 1 Kehdenstr. 2, 24103 Kiel
10.07942 54.35012 85 10 10 Wetterbek 1, 24107 Kiel
10.07416 54.31589 88 9 9 Melsdorfer Str. 45, 24109 Kiel
10.1674 54.28786 85 9 9 Schoolkamp 1, 24145 Kiel
9.99556 54.34168 80 18 18 Toweddern 33, 24107 Quarnbek
10.09284 54.31194 79 8 8 Rodenbeker Weg 5, 24113 Kiel
10.11758 54.32118 87 3 3 Bellmannstr. 2, 24114 Kiel
10.1316 54.37249 87 11 11 Gravensteiner Str. 12, 24159 Kiel
10.04157 54.33977 82 12 12 Rammskrug 8, 24107 Ottendorf
10.13557 54.33725 83 3 3 Gerhardstr. 62, 24105 Kiel
10.1745 54.4141 81 18 18 Graf-Luckner-Str. 31, 24159 Kiel
10.15004 54.30906 77 5 5 Helmholtzstr. 19, 24143 Kiel
10.19146 54.29165 74 10 10 Troppauer Str. 39, 24146 Kiel
10.10198 54.3366 87 5 5 Zum Posthorn 1, 24119 Kronshagen
10.07139 54.33397 85 10 10 Freesenhof 9, 24119 Kronshagen
10.06782 54.35595 90 12 12 Pferdehof 10, 24107 Kiel
10.17166 54.39893 90 16 16 Brammerkamp 14, 24159 Kiel
10.07101 54.3567 85 13 13 Rethbruch 3, 24107 Kiel
10.13555 54.33227 91 2 2 Gerhardstr. 8, 24105 Kiel
10.21288 54.31986 81 14 14 Kiebitzbek 45, 24149 Kiel
10.08848 54.35369 88 8 8 Eckernförder Str. 364, 24107 Kiel
10.12246 54.28391 74 7 7 Kieler Weg 73, 24145 Kiel
10.15999 54.27774 77 10 10 Edisonstr. 44, 24145 Kiel
10.11699 54.29929 82 6 6 Krummbogen 21, 24113 Kiel
10.13997 54.31318 90 5 5 Werftstr. 191, 24143 Kiel
10.15148 54.33532 85 3 3 Düsternbrooker Weg 75, 24105 Kiel
10.04224 54.33941 88 13 13 Rammskrug 2, 24107 Ottendorf
10.17864 54.39242 77 16 16 Werner-Siemens-Str. 5, 24159 Kiel
10.13311 54.38609 85 12 12 Stifter Allee 21, 24161 Altenholz
10.12656 54.31964 82 1 1 Prüne 18, 24103 Kiel
10.12557 54.32612 74 2 2 Klopstockstr. 15, 24103 Kiel
10.12994 54.34076 79 4 4 Niebuhrstr. 24, 24118 Kiel
10.06317 54.29289 80 14 14 Wiepenkrog 87, 24113 Kiel
10.14598 54.3065 77 5 5 Iltisstr. 74, 24143 Kiel
10.09767 54.31929 92 5 5 Diekweg 3, 24114 Kiel
10.07116 54.26491 87 12 12 Eiderblick 2, 24113 Molfsee
10.07116 54.26491 79 12 12 Eiderblick 2, 24113 Molfsee
10.18718 54.33071 80 11 11 Probsteier Platz 11, 24149 Kiel
10.07093 54.31393 79 9 9 Martenshofweg 104, 24109 Kiel
10.07294 54.35283 92 11 11 Steinberg 34, 24107 Kiel
10.08304 54.33568 79 8 8 Meddagskamp 31, 24119 Kronshagen
10.13836 54.28097 92 8 8 Drosselstieg 1, 24145 Kiel
10.14153 54.28896 88 7 7 Fahrenkuhl 2, 24145 Kiel
10.15451 54.30977 79 6 6 Stoschstr. 43, 24143 Kiel
10.07706 54.35152 87 10 10 Rotenbek 13, 24107 Kiel
10.19198 54.28 82 12 12 Fliederweg 2, 24146 Kiel
10.11235 54.36009 79 9 9 Projensdorfer Str. 207, 24106 Kiel
10.07264 54.33781 92 11 11 Apenrader Weg 2, 24119 Kronshagen
10.11859 54.33238 82 3 3 Gutenbergstr. 62, 24118 Kiel
9.96837 54.32148 88 16 16 Am Ringkanal 3, 24107 Quarnbek
10.14714 54.39729 86 15 15 Friedrichsruher Weg 149, 24159 Kiel
10.15572 54.27284 91 9 9 Ottostr. 10, 24145 Kiel
10.07707 54.33527 81 9 9 Zu den Eichen 1, 24119 Kronshagen
10.12821 54.31779 86 1 1 Kirchhofallee 1, 24103 Kiel
10.1315 54.3652 90 9 9 Schleusenstr. 30, 24106 Kiel
10.16513 54.31091 75 8 8 Sören 2, 24148 Kiel
10.08131 54.33581 81 9 9 Steindamm 15, 24119 Kronshagen
10.14591 54.33149 80 3 3 Schwanenweg 16, 24105 Kiel
10.11903 54.40319 87 17 17 Rehwinkel 20, 24161 Altenholz
10.17322 54.41292 87 18 18 Robbenweg 1, 24159 Kiel
10.10873 54.32053 83 4 4 Robert-Koch-Str. 39, 24116 Kiel
10.16074 54.2934 83 9 9 Ostpreußenweg 8, 24145 Kiel
10.08808 54.35575 75 9 9 Lärchenweg 4, 24107 Kiel
10.08471 54.36225 74 13 13 Sukoring 47, 24107 Kiel
10.1871 54.29332 83 9 9 Joachimsthaler Weg 1, 24146 Kiel
10.11514 54.37263 76 13 13 Knooper Landstr. 16, 24161 Altenholz
10.0684 54.27631 90 12 12 Osterberg 8, 24113 Molfsee
10.14191 54.34391 88 5 5 Graf-Spee-Str. 52, 24105 Kiel
10.11146 54.34255 88 6 6 Olshausenstr. 71, 24118 Kiel
10.11449 54.33279 90 4 4 Gutenbergstr. 80, 24118 Kiel
10.12798 54.39777 86 14 14 Niekoppel 7, 24161 Altenholz
10.07472 54.3201 83 8 8 Melsdorfer Str. 11, 24109 Kiel
10.14226 54.33948 80 4 4 Wrangelstr. 4, 24105 Kiel
10.13663 54.32776 91 1 1 Blocksberg 21, 24103 Kiel
10.13673 54.32191 76 0 0 Holstenbrücke 12, 24103 Kiel
10.06989 54.35207 90 12 12 Bauernfeld 44, 24107 Kiel
10.12748 54.32515 77 2 2 Knooper Weg 49, 24103 Kiel
10.10603 54.35567 90 9 9 Torfende 1, 24106 Kiel
10.07034 54.30056 87 10 10 Rendsburger Landstr. 372, 24111 Kiel
10.17637 54.325 81 9 9 Kuchelstr. 27, 24148 Kiel
10.13099 54.38528 80 13 13 Posener Str. 7, 24161 Altenholz
10.13402 54.36285 88 8 8 Am Kiel-Kanal 1, 24106 Kiel
10.09931 54.34351 87 6 6 Eckernförder Str. 256, 24119 Kronshagen
10.11483 54.35887 88 8 8 Projensdorfer Str. 181, 24106 Kiel
10.12279 54.33385 88 3 3 Westring 341, 24118 Kiel
10.13896 54.37055 75 12 12 Kanalstr. 26, 24159 Kiel
10.14225 54.32225 88 0 0 Flämische Str. 22, 24103 Kiel
10.10474 54.29674 86 7 7 Baumweg 1, 24113 Kiel
10.14909 54.31208 80 5 5 Kaiserstr. 31, 24143 Kiel
10.13607 54.34419 90 5 5 Blücherstr. 14, 24105 Kiel
10.06532 54.27856 79 12 12 Wollbergsredder 20, 24113 Molfsee
10.16937 54.31383 91 7 7 Franziusallee 127, 24148 Kiel
10.13907 54.2845 85 7 7 Reesenberg 23, 24145 Kiel
10.04719 54.31235 82 11 11 Jütlandring 176, 24109 Kiel
10.11564 54.3327 82 3 3 Gutenbergstr. 76, 24118 Kiel
10.10437 54.30946 87 5 5 Saarbrückenstr. 142, 24113 Kiel
10.107 54.31073 90 5 5 Saarbrückenstr. 98, 24114 Kiel
10.12685 54.30037 88 5 5 Spolertstr. 7, 24113 Kiel
10.16645 54.28115 87 10 10 Segeberger Landstr. 201, 24145 Kiel
9.98985 54.33995 85 17 17 Sturenberg 31, 24107 Quarnbek
10.10861 54.29849 85 7 7 Heckenrosenweg 11, 24113 Kiel
10.1085 54.30408 81 5 5 Wulfsbrook 17, 24113 Kiel
10.10472 54.30776 77 6 6 Christianistr. 16, 24113 Kiel
10.10357 54.3075 85 6 6 Christianistr. 83, 24113 Kiel
10.13357 54.34085 76 4 4 Holtenauer Str. 172, 24105 Kiel
10.07319 54.36295 76 11 11 Alte Chaussee 1, 24107 Kiel
10.17971 54.32532 85 9 9 Schönberger Str. 63, 24148 Kiel
10.14332 54.34934 82 7 7 Niemannsweg 220, 24106 Kiel
10.10211 54.35131 83 10 10 Tönniesstr. 1, 24106 Kiel
10.06868 54.2664 75 11 11 Kolberg 2, 24113 Molfsee
10.07496 54.33829 90 9 9 Kurt-Tucholsky-Weg 1, 24119 Kronshagen
10.14109 54.3252 83 1 1 Alte Feuerwache 3, 24103 Kiel
10.1282 54.31753 85 1 1 Königsweg 1, 24103 Kiel
10.14225 54.32225 81 0 0 Flämische Str. 22, 24103 Kiel
10.05878 54.30315 82 10 10 Rendsburger Landstr. 440, 24111 Kiel
10.10193 54.31938 87 4 4 Hasseldieksdammer Weg 165, 24116 Kiel
10.13188 54.38535 88 12 12 Danziger Str. 3, 24161 Altenholz
10.18934 54.31474 79 10 10 Klausdorfer Weg 267, 24148 Kiel
10.07707 54.27887 77 12 12 Rammseer Weg 9, 24113 Molfsee
10.12747 54.35459 82 7 7 Elendsredder 20, 24106 Kiel
10.16909 54.31321 80 8 8 Posadowskystr. 7, 24148 Kiel
10.13231 54.37327 79 10 10 Gravensteiner Str. 1, 24159 Kiel
10.07311 54.27771 83 12 12 Barstenkamp 26, 24113 Molfsee
10.17343 54.29463 90 8 8 Schlehenkamp 1, 24146 Kiel
10.19925 54.31834 85 12 12 Benzstr. 10, 24148 Kiel
10.16887 54.42627 87 19 19 Starweg 2, 24159 Kiel
10.11589 54.31662 91 3 3 Boiestr. 2, 24114 Kiel
10.17497 54.39115 90 16 16 Christianspries 7, 24159 Kiel
10.11868 54.3229 82 3 3 Chemnitzstr. 40, 24116 Kiel
10.15219 54.33565 81 4 4 Düsternbrooker Weg 82, 24105 Kiel
10.14952 54.33605 91 3 3 Luisenweg 12, 24105 Kiel
10.1429 54.27869 82 8 8 Braunstr. 7, 24145 Kiel
10.11648 54.30488 76 4 4 Hamburger Chaussee 78, 24113 Kiel
10.10988 54.27773 76 10 10 Wendenweg 22, 24145 Kiel
10.01921 54.31456 88 11 11 Moorblöcken 6, 24109 Melsdorf
10.1337 54.33877 90 4 4 Holtenauer Str. 150, 24105 Kiel
10.17815 54.29944 83 8 8 Ellerbeker Weg 28, 24147 Kiel
10.10713 54.32409 76 5 5 Hegelstr. 1, 24116 Kiel
10.17007 54.31155 86 8 8 Federmannstr. 14, 24148 Kiel
10.13961 54.32835 86 2 2 Brunswiker Str. 24, 24105 Kiel
10.19024 54.31574 81 11 11 Klausdorfer Weg 277, 24148 Kiel
10.13674 54.28843 80 6 6 Poppenbrügger Weg 10, 24145 Kiel
10.20062 54.32159 76 11 11 Wehdenweg 115, 24148 Kiel
10.16216 54.31097 79 8 8 Erich-Kästner-Weg 55, 24143 Kiel
10.19191 54.28363 74 12 12 Rönner Weg 32, 24146 Kiel
10.08808 54.35575 87 9 9 Lärchenweg 4, 24107 Kiel
10.10249 54.34801 79 9 9 Baumgartenstr. 3, 24106 Kiel
10.08665 54.32987 77 7 7 Seilerei 16, 24119 Kronshagen
10.11672 54.39832 75 15 15 Klausdorfer Str. 68, 24161 Altenholz
10.12895 54.3343 87 3 3 Alsenstr. 2, 24118 Kiel
10.12949 54.3986 91 14 14 Ohlandbogen 23, 24161 Altenholz
10.18853 54.27546 85 13 13 Hof Kroog 2, 24146 Kiel
10.17195 54.2936 85 8 8 Ginsterbusch 2, 24146 Kiel
10.11215 54.32344 79 4 4 Westring 227, 24116 Kiel
10.17701 54.29622 79 9 9 Preetzer Chaussee 132, 24146 Kiel
10.1568 54.40369 80 16 16 Dorf 10, 24159 Kiel
10.10123 54.34902 91 8 8 Jacobystr. 6, 24106 Kiel
10.08579 54.33536 80 9 9 Meddagskamp 1, 24119 Kronshagen
10.05666 54.30165 75 10 10 Rendsburger Landstr. 433, 24111 Kiel
10.1125 54.34187 81 5 5 Olshausenstr. 65, 24118 Kiel
10.07151 54.35321 77 12 12 Butten 36, 24107 Kiel
10.15636 54.39256 88 16 16 Buschblick 23, 24159 Kiel
10.10302 54.31277 92 6 6 Mettlachstr. 49, 24114 Kiel
10.08066 54.33759 76 9 9 Eichkoppelweg 10, 24119 Kronshagen
10.14078 54.34377 75 5 5 Bülowstr. 12, 24105 Kiel
10.06192 54.30262 82 11 11 Johann-Heuck-Str. 29, 24111 Kiel
10.11359 54.31566 81 3 3 Bugenhagenstr. 4, 24114 Kiel
10.16887 54.32114 82 8 8 Wahlestr. 22, 24148 Kiel
10.10231 54.34854 85 7 7 Baumgartenstr. 16, 24106 Kiel
10.13005 54.38456 83 12 12 Posener Str. 16, 24161 Altenholz
10.11838 54.40301 77 16 16 Rehwinkel 20, 24161 Altenholz
10.13171 54.34755 86 5 5 Kämpenstr. 6, 24106 Kiel
10.06119 54.26654 85 13 13 Dorfstr. 20, 24113 Molfsee
10.08499 54.33637 83 8 8 Vespergang 18, 24119 Kronshagen
10.08648 54.33553 75 7 7 Kopperpahler Allee 40, 24119 Kronshagen
10.12714 54.33353 92 3 3 Schauenburgerstr. 62, 24118 Kiel
10.1395 54.31173 75 4 4 Werftstr. 208, 24143 Kiel
10.12632 54.32102 79 1 1 Exerzierplatz 15, 24103 Kiel
10.09326 54.34944 90 8 8 Klausbrooker Weg 1, 24107 Kronshagen
10.14018 54.3327 88 3 3 Feldstr. 14, 24105 Kiel
10.08579 54.33139 82 7 7 Kieler Str. 70, 24119 Kronshagen
10.0943 54.33136 87 6 6 Hufenkamp 27, 24119 Kronshagen
10.07101 54.29276 88 13 13 Wiepenkrog 54, 24113 Kiel
10.08191 54.33164 88 7 7 Kieler Str. 90, 24119 Kronshagen
10.16612 54.39287 81 16 16 Steenbarg 15, 24159 Kiel
10.13472 54.32584 80 2 2 Lorentzendamm 28, 24103 Kiel
10.13269 54.30667 90 3 3 Bahnhofstr. 37, 24143 Kiel
10.12353 54.30256 90 4 4 Alte Eichen 19, 24113 Kiel
10.1177 54.30562 90 4 4 Rendsburger Landstr. 7, 24113 Kiel
10.12675 54.37065 82 11 11 Waffenschmiede 36, 24159 Kiel
10.12635 54.31811 92 2 2 Kirchhofallee 8, 24103 Kiel
10.12436 54.35116 77 6 6 Projensdorfer Str. 70, 24106 Kiel
10.14237 54.34391 75 5 5 Ziethenstr. 5, 24105 Kiel
10.07593 54.33507 77 11 11 Zu den Eichen 2, 24119 Kronshagen
10.08665 54.32987 82 7 7 Seilerei 16, 24119 Kronshagen
10.16617 54.42087 86 18 18 Schilkseer Str. 161, 24159 Kiel
10.17461 54.2941 80 9 9 Dorfstr. 21, 24146 Kiel
10.13079 54.35538 75 6 6 Holtenauer Str. 299, 24106 Kiel
10.08263 54.33119 77 7 7 Bahnhofsweg 1, 24119 Kronshagen
10.1749 54.31802 85 9 9 Hagener Str. 16, 24148 Kiel
10.12525 54.33262 80 3 3 Hansastr. 5, 24118 Kiel
10.13781 54.38653 88 11 11 Dänischenhagener Str. 24, 24161 Altenholz
10.0853 54.3317 85 7 7 Kopperpahler Allee 2, 24119 Kronshagen
10.12706 54.31062 82 2 2 Sophienblatt 80, 24114 Kiel
10.07262 54.35243 83 11 11 Steinberg 24, 24107 Kiel
10.12369 54.31797 79 2 2 Ringstr. 64, 24103 Kiel
10.1723 54.39656 92 17 17 Friedrichsorter Str. 5, 24159 Kiel
10.11649 54.30571 75 4 4 Rendsburger Landstr. 20, 24113 Kiel
10.00785 54.31373 77 12 12 Schönwohlder Weg 1, 24109 Melsdorf
10.17744 54.29311 79 9 9 Jettkorn 3, 24146 Kiel
10.08841 54.34375 79 8 8 Fridtjof-Nansen-Weg 26, 24119 Kronshagen
10.10557 54.30843 86 7 7 Wassilystr. 24, 24113 Kiel
10.13329 54.38162 83 13 13 Breslauer Str. 23, 24161 Altenholz
10.13549 54.34488 77 5 5 Blücherstr. 24, 24105 Kiel
10.19972 54.32235 92 11 11 Wehdenweg 105, 24148 Kiel
10.16691 54.42019 82 18 18 Peerkoppel 1, 24159 Kiel
10.07905 54.33631 92 9 9 Holländerey 5, 24119 Kronshagen
10.1389 54.37531 77 12 12 Nehringweg 57, 24159 Kiel
10.08567 54.30317 87 9 9 Quarnbeker Str. 2, 24113 Kiel
10.21283 54.32014 87 14 14 Ostanger 24, 24149 Kiel
10.15893 54.31301 85 6 6 Ostring 193, 24143 Kiel
10.07207 54.30495 83 11 11 Spandauer Weg 21, 24111 Kiel
10.11092 54.33163 85 4 4 Eichkamp 1, 24116 Kiel
10.1205 54.37211 77 12 12 Oskar-Kusch-Str. 2, 24161 Altenholz
10.12992 54.34147 85 5 5 Niebuhrstr. 34, 24118 Kiel
10.14006 54.3222 92 1 1 Eggerstedtstr. 5, 24103 Kiel
10.10367 54.36791 85 11 11 Stadtparkweg 2, 24106 Kiel
10.13292 54.31802 81 2 2 Sophienblatt 2, 24103 Kiel
10.19343 54.32977 75 10 10 Kirschberg 1, 24149 Kiel
9.98434 54.33069 81 15 15 Am Breitschlag 15, 24107 Quarnbek
10.12061 54.30219 86 4 4 Von-der-Goltz-Allee 35, 24113 Kiel
10.17156 54.41943 75 17 17 Langenfelde 83, 24159 Kiel
10.13368 54.31808 75 1 1 Stresemannplatz 4, 24103 Kiel
10.11441 54.32074 79 3 3 Gellertstr. 3, 24114 Kiel
10.12486 54.30358 82 4 4 Theodor-Heuss-Ring 75, 24113 Kiel
9.99529 54.34124 85 17 17 Toweddern 25, 24107 Quarnbek
10.17245 54.39496 76 16 16 Speckterweg 1, 24159 Kiel
10.07964 54.33884 80 9 9 Suchsdorfer Weg 56, 24119 Kronshagen
10.12948 54.35598 79 7 7 Schmiedekoppel 4, 24106 Kiel
10.13179 54.31254 76 2 2 Kai-Str. 101, 24114 Kiel
10.17795 54.41381 80 19 19 Priwallstr. 17, 24159 Kiel
10.1321 54.31695 88 1 1 Sophienblatt 18, 24103 Kiel
10.0566 54.32698 86 10 10 Stockholmstr. 27, 24109 Kiel
10.11814 54.40464 85 16 16 Peerkoppel 15, 24161 Altenholz
10.07673 54.36282 77 11 11 Ostseestr. 25, 24107 Kiel
10.13525 54.38155 80 11 11 Dänischenhagener Str. 1, 24159 Kiel
10.16992 54.42302 86 19 19 Seesternweg 9, 24159 Kiel
10.07491 54.30439 90 13 13 Staakener Weg 3, 24111 Kiel
10.09197 54.3547 79 9 9 Steenbeker Weg 215, 24107 Kiel
10.0699 54.26579 74 12 12 Kolberg 1, 24113 Molfsee
10.10061 54.30807 86 6 6 Saarbrückenstr. 179, 24113 Kiel
10.0324 54.31812 76 10 10 Kieler Weg 1, 24109 Melsdorf
10.11349 54.31404 80 4 4 Brunsrade 8, 24114 Kiel
10.1207 54.35374 82 7 7 Projensdorfer Str. 118, 24106 Kiel
10.14117 54.34473 74 5 5 Schlieffenallee 2, 24105 Kiel
10.1563 54.3717 90 15 15 Holtenauer Reede 30, 24159 Kiel
10.12991 54.39826 77 14 14 Rönkoppel 2, 24161 Altenholz
10.18789 54.33755 81 12 12 Wissmannstr. 2, 24149 Kiel
10.12826 54.34493 91 5 5 Westring 481, 24118 Kiel
10.12176 54.40346 83 16 16 Ahornallee 23, 24161 Altenholz
10.06602 54.27762 86 12 12 Osterberg 27, 24113 Molfsee
10.07412 54.33531 85 10 10 Suchsdorfer Weg 2, 24119 Kronshagen
10.12796 54.32718 74 2 2 Knooper Weg 71, 24116 Kiel
10.12443 54.36933 88 12 12 Friedrich-Voß-Ufer 38, 24159 Kiel
10.13747 54.33838 85 4 4 Adolfplatz 11, 24105 Kiel
10.07791 54.30357 77 10 10 Rutkamp 40, 24111 Kiel
10.18766 54.2989 85 9 9 Salzburger Str. 71, 24147 Kiel
10.15082 54.30753 79 5 5 Kirchenweg 63, 24143 Kiel
10.06076 54.2644 87 13 13 Gannerbarg 8, 24113 Molfsee
10.07066 54.36162 80 12 12 Grödeweg 13, 24107 Kiel
10.11863 54.40453 80 16 16 Peerkoppel 9, 24161 Altenholz
10.12427 54.30038 86 5 5 Von-der-Goltz-Allee 73, 24113 Kiel
10.07009 54.33664 92 9 9 Ottendorfer Weg 31, 24107 Ottendorf
10.12762 54.40524 85 16 16 Fliederweg 1, 24161 Altenholz
10.11813 54.35683 81 8 8 Projensdorfer Str. 170, 24106 Kiel
10.14342 54.3259 87 1 1 Schlossgarten 3, 24103 Kiel
10.18809 54.32642 88 10 10 Wehdenweg 1, 24148 Kiel
10.15426 54.39726 75 16 16 Wagnerring 6, 24159 Kiel
10.13737 54.3883 74 12 12 Allensteiner Weg 92, 24161 Altenholz
10.13807 54.32177 77 0 0 Wall 2, 24103 Kiel
10.11919 54.33231 80 4 4 Gutenbergstr. 54, 24118 Kiel
10.15394 54.28399 87 10 10 Bunsenstr. 32, 24145 Kiel
10.11855 54.35404 76 7 7 Steenbeker Weg 10, 24106 Kiel
10.17166 54.39893 74 16 16 Brammerkamp 14, 24159 Kiel
10.06039 54.26802 87 13 13 Dorfstr. 17, 24113 Molfsee
10.1381 54.29138 83 7 7 Kieler Kamp 38, 24145 Kiel
10.13117 54.32732 87 2 2 Legienstr. 26, 24103 Kiel
10.13874 54.34111 86 4 4 Clausewitzstr. 18, 24105 Kiel
10.0913 54.33278 79 6 6 Hasselkamp 56, 24119 Kronshagen
10.07787 54.35141 85 10 10 Rotenbek 3, 24107 Kiel
10.15953 54.31637 81 6 6 Werftstr. 117, 24148 Kiel
10.13039 54.37085 87 11 11 Gravensteiner Str. 103, 24159 Kiel
10.17021 54.39925 81 16 16 Klaus-Groth-Str. 2, 24159 Kiel
10.10582 54.3504 87 8 8 Olshausenstr. 100, 24106 Kiel
10.04719 54.31235 82 11 11 Jütlandring 176, 24109 Kiel
10.11824 54.40576 87 16 16 Moorredder 25, 24161 Altenholz
10.16319 54.29038 88 9 9 Buchenweg 1, 24145 Kiel
10.17623 54.26953 90 12 12 Götenhof 2, 24145 Kiel
10.07381 54.30562 91 11 11 Havelzeile 1, 24111 Kiel
10.10923 54.30155 91 5 5 Pestalozzistr. 3, 24113 Kiel
10.16699 54.31787 88 8 8 Franziusallee 33, 24148 Kiel
10.12377 54.33 82 4 4 Schiller-Str. 22, 24116 Kiel
10.04083 54.34015 75 12 12 Dorfstr. 58, 24107 Ottendorf
10.15335 54.33597 90 4 4 Düsternbrooker Weg 92, 24105 Kiel
10.10557 54.30843 87 7 7 Wassilystr. 24, 24113 Kiel
10.17353 54.30957 74 9 9 Tröndelweg 5, 24148 Kiel
10.09863 54.34293 76 6 6 Möllerstr. 2, 24119 Kronshagen
10.12739 54.40722 87 16 16 Alter Kieler Weg 4, 24161 Altenholz
10.14111 54.31114 74 4 4 Karlstal 10, 24143 Kiel
10.16491 54.39294 79 15 15 Andersen-Weg 1, 24159 Kiel
10.08499 54.33637 74 8 8 Vespergang 18, 24119 Kronshagen
10.09466 54.41458 77 18 18 Postkamp 16, 24161 Altenholz
10.14572 54.37056 81 13 13 Lindenweg 2, 24159 Kiel
10.06157 54.35392 86 12 12 Schwartenbeker Weg 63, 24107 Kiel
10.13122 54.33781 77 3 3 Von-der-Horst-Str. 3, 24118 Kiel
10.10494 54.27424 91 9 9 Meimersdorfer Weg 229, 24145 Kiel
10.09419 54.34971 82 8 8 Klausbrooker Weg 5, 24107 Kronshagen
10.00621 54.34404 92 16 16 Schmiedeberg 1, 24107 Quarnbek
10.1305 54.3497 75 6 6 Kappelner Str. 1, 24106 Kiel
10.13371 54.33832 75 3 3 Holtenauer Str. 138, 24105 Kiel
10.14798 54.30034 83 6 6 Hohwachter Weg 33, 24143 Kiel
10.16298 54.29105 91 9 9 Buchenweg 17, 24145 Kiel
10.0695 54.35304 74 14 14 Weiden 1, 24107 Kiel
10.06602 54.27762 76 12 12 Osterberg 27, 24113 Molfsee
10.13235 54.28712 91 7 7 Kieler Weg 166, 24145 Kiel
10.14367 54.33087 85 3 3 Michaelisstr. 5, 24105 Kiel
10.0553 54.30228 79 10 10 Rendsburger Landstr. 454, 24111 Kiel
10.07463 54.33651 79 9 9 Suchsdorfer Weg 1, 24119 Kronshagen
10.14696 54.29999 76 7 7 Konrad-Adenauer-Damm 8, 24143 Kiel
10.18904 54.33654 86 11 11 Nachtigalstr. 4, 24149 Kiel
10.12839 54.35376 91 8 8 Wesselburener Str. 2, 24106 Kiel
10.05293 54.31814 91 10 10 Osloring 1, 24109 Kiel
10.13055 54.35894 75 7 7 Holtenauer Str. 360, 24106 Kiel
10.19466 54.2938 75 12 12 Hahnbusch 29, 24146 Kiel
10.03192 54.31622 82 10 10 Rothenberg 13, 24109 Melsdorf
10.13763 54.2835 90 7 7 Steinjörgen 7, 24145 Kiel
10.12256 54.36034 86 10 10 Flensburger Str. 89, 24106 Kiel
10.14196 54.32667 79 1 1 Lorentzendamm 6, 24103 Kiel
10.11861 54.33322 80 4 4 Klotzstr. 18, 24118 Kiel
10.14582 54.31581 87 6 6 Raaschstr. 2, 24143 Kiel
10.09717 54.31876 82 5 5 Diekweg 11, 24114 Kiel
10.14331 54.31079 91 4 4 Karlstal 26, 24143 Kiel
10.12091 54.30287 85 4 4 Krusenrotter Weg 40, 24113 Kiel
10.11125 54.34318 92 8 8 Olshausenstr. 70, 24118 Kiel
10.02586 54.314 85 10 10 Birkenweg 2, 24109 Melsdorf
10.10295 54.36348 77 11 11 Am Tannenberg 75, 24106 Kiel
10.18165 54.33009 79 11 11 Grenzstr. 17, 24149 Kiel
10.13043 54.37167 86 11 11 Gravensteiner Str. 32, 24159 Kiel
10.07967 54.35865 82 10 10 Amrumring 1, 24107 Kiel
10.12284 54.34288 83 5 5 Einsteinstr. 1, 24118 Kiel
10.17826 54.27024 79 12 12 Petersilienweg 8, 24145 Kiel
10.06801 54.31224 88 9 9 Russeer Weg 110, 24109 Kiel
10.1236 54.31732 88 2 2 Kirchhofallee 38, 24114 Kiel
10.14759 54.31338 90 5 5 Elisabethstr. 42, 24143 Kiel
10.11066 54.36033 82 9 9 Am Tannenberg 1, 24106 Kiel
10.10445 54.34874 90 7 7 Olshausenstr. 97, 24106 Kiel
10.12547 54.28308 81 8 8 Grönhorst 1, 24145 Kiel
10.13364 54.32873 91 1 1 Holtenauer Str. 1, 24103 Kiel
10.07877 54.33782 91 9 9 Suchsdorfer Weg 20, 24119 Kronshagen
10.09452 54.34772 75 7 7 Eckernförder Str. 333, 24107 Kiel
10.13312 54.28894 87 5 5 Barkauer Str. 2, 24145 Kiel
10.06093 54.31706 90 10 10 Hofholzallee 252, 24109 Kiel
10.15557 54.33915 86 4 4 Düsternbrooker Weg 120, 24105 Kiel
10.14082 54.29474 80 8 8 Sieversdiek 118, 24145 Kiel
10.13619 54.30391 80 5 5 Bahnhofstr. 14, 24143 Kiel
10.09922 54.33891 75 6 6 Schreberweg 1, 24119 Kronshagen
10.12726 54.38902 75 13 13 Königsberger Str. 23, 24161 Altenholz
10.13071 54.30354 81 4 4 Ratzeburger Str. 1, 24113 Kiel
10.07409 54.32693 79 9 9 Platanenring 1, 24119 Kronshagen
10.07171 54.36411 80 12 12 Alte Chaussee 22, 24107 Kiel
10.11775 54.40117 79 15 15 Am Dehnberg 1, 24161 Altenholz
10.15479 54.39497 77 16 16 Wagnerring 82, 24159 Kiel
10.12626 54.40251 86 16 16 Ebereschenweg 3, 24161 Altenholz
10.08678 54.29191 80 9 9 Hammerbusch 65, 24113 Kiel
10.13667 54.34696 86 5 5 Düvelsbeker Weg 27, 24105 Kiel
10.18805 54.40286 83 17 17 Falkenhorst 11, 24159 Kiel
10.06629 54.31424 80 9 9 Rothenhofer Weg 19, 24109 Kiel
10.12976 54.317 74 1 1 Hopfenstr. 47, 24103 Kiel
10.13335 54.35296 85 6 6 Homannstr. 13, 24106 Kiel
10.14741 54.30684 87 5 5 Preetzer Str. 51, 24143 Kiel
10.14301 54.34295 80 5 5 Bülowstr. 4, 24105 Kiel
10.07275 54.28245 85 11 11 Mielkendorfer Weg 19, 24113 Molfsee
10.13744 54.28085 88 8 8 Barkauer Str. 64, 24145 Kiel
10.17607 54.39128 85 15 15 Christianspries 5, 24159 Kiel
10.11941 54.30228 80 4 4 Krusenrotter Weg 61, 24113 Kiel
10.17858 54.29618 76 9 9 Preetzer Chaussee 152, 24146 Kiel
10.07007 54.27457 76 12 12 Captain-Thiessen-Weg 37, 24113 Molfsee
10.18075 54.29808 77 9 9 Innsbrucker Allee 2, 24147 Kiel
10.08856 54.34415 85 8 8 Albert-Einstein-Str. 21, 24119 Kronshagen
10.12206 54.33205 85 3 3 Westring 327, 24118 Kiel
10.10425 54.40664 82 17 17 Kubitzberg 2, 24161 Altenholz
10.10957 54.34504 87 6 6 Leibnizstr. 4, 24118 Kiel
10.12826 54.39863 80 15 15 Rönkoppel 10, 24161 Altenholz
10.07406 54.3254 77 8 8 Am Forsthaus Wittland 27, 24109 Kiel
10.15766 54.29218 91 8 8 Segeberger Landstr. 45, 24145 Kiel
10.13267 54.35642 85 7 7 Wiker Str. 40, 24106 Kiel
10.12538 54.28205 80 8 8 Lütt Steenbusch 2, 24145 Kiel
10.17977 54.39034 79 17 17 Falckensteiner Str. 2, 24159 Kiel
10.12938 54.33421 86 3 3 Knooper Weg 140, 24118 Kiel
10.19639 54.2858 82 13 13 Reichenhaller Str. 47, 24146 Kiel
10.03244 54.31418 76 9 9 Rotenhofer Weg 10, 24109 Melsdorf
10.11561 54.31731 91 3 3 Schützenwall 47, 24114 Kiel
10.13311 54.33818 82 3 3 Knooper Weg 185, 24118 Kiel
10.06885 54.28982 76 12 12 Am Voßberg 16, 24113 Kiel
10.18627 54.33204 79 11 11 Tiefe Allee 37, 24149 Kiel
10.07469 54.3592 76 11 11 Olandwinkel 1, 24107 Kiel
10.13637 54.37211 76 11 11 Richthofenstr. 53, 24159 Kiel
10.18075 54.29808 82 9 9 Innsbrucker Allee 2, 24147 Kiel
10.15497 54.40274 79 16 16 Friedrichsruher Weg 233, 24159 Kiel
10.07592 54.34965 91 10 10 Wetterbek 32, 24107 Kiel
10.11754 54.31519 83 3 3 Lutherstr. 4, 24114 Kiel
10.12732 54.33232 81 3 3 Saldernstr. 2, 24118 Kiel
10.10437 54.30946 80 5 5 Saarbrückenstr. 142, 24113 Kiel
10.12604 54.28456 77 8 8 Koppelsoll 1, 24145 Kiel
10.14255 54.31093 88 4 4 Karlstal 18, 24143 Kiel
10.08393 54.31069 77 8 8 Aubrook 50, 24113 Kiel
10.05717 54.3006 74 10 10 Ihlkatenweg 3, 24111 Kiel
10.1225 54.40904 75 16 16 Freesenberg 78, 24161 Altenholz
10.13431 54.32792 92 1 1 Bergstr. 20, 24103 Kiel
10.11686 54.33915 76 5 5 Grasweg 43, 24118 Kiel
10.17738 54.39246 91 16 16 Möhrkestr. 11, 24159 Kiel
10.17629 54.41272 90 19 19 Pamirstr. 23, 24159 Kiel
10.1915 54.33254 88 11 11 Poggendörper Weg 1, 24149 Kiel
10.16099 54.39911 86 18 18 Wilhelm-Lobsien-Weg 4, 24159 Kiel
10.13406 54.28566 91 6 6 Poppenkamp 2, 24145 Kiel
10.05085 54.32925 83 12 12 Helsinkistr. 77, 24109 Kiel
10.14485 54.32529 90 1 1 Ostseekai 1, 24103 Kiel
10.08152 54.3601 82 11 11 Buernkrog 4, 24107 Kiel
10.19247 54.33053 81 11 11 Steinkamp 28, 24149 Kiel
10.11414 54.32514 74 4 4 Westring 244, 24116 Kiel
10.05593 54.34134 79 11 11 Kiewittsholm 1, 24107 Ottendorf
10.13668 54.31882 75 0 0 Bollhörnkai 1, 24103 Kiel
10.0826 54.33443 80 7 7 Sandkoppel 23, 24119 Kronshagen
10.18404 54.30463 75 10 10 Gerstenkamp 45, 24147 Kiel
10.17489 54.41812 85 18 18 Funkstellenweg 36, 24159 Kiel
10.11932 54.39409 81 15 15 Dreiangel 43, 24161 Altenholz
10.03508 54.31679 76 10 10 Kieler Weg 5, 24109 Melsdorf
10.05484 54.32628 86 12 12 Stockholmstr. 9, 24109 Kiel
10.13844 54.29881 80 5 5 Diedrichstr. 31, 24143 Kiel
10.1543 54.37148 79 14 14 Strandstr. 2, 24159 Kiel
10.13064 54.33574 92 3 3 Waitzstr. 68, 24105 Kiel
10.07593 54.33507 87 11 11 Zu den Eichen 2, 24119 Kronshagen
10.13662 54.38764 92 12 12 Allensteiner Weg 17, 24161 Altenholz
9.99529 54.34124 86 17 17 Toweddern 25, 24107 Quarnbek
10.06607 54.30169 75 10 10 Rendsburger Landstr. 392, 24111 Kiel
10.14924 54.26415 74 9 9 Steindamm 135, 24145 Kiel
10.12934 54.36961 81 11 11 Gravensteiner Str. 117, 24159 Kiel
10.15075 54.31138 76 5 5 Gustav-Schatz-Hof 16, 24143 Kiel
10.13311 54.38609 82 12 12 Stifter Allee 21, 24161 Altenholz
10.14124 54.32365 87 1 1 Schloß-Str. 2, 24103 Kiel
10.06864 54.27709 85 12 12 Holm 7, 24113 Molfsee
10.14992 54.30574 79 5 5 Greifstr. 11, 24143 Kiel
10.12868 54.35844 79 7 7 Hohenrade 7, 24106 Kiel
10.09967 54.35183 83 8 8 Klausbrooker Weg 78, 24107 Kiel
10.12858 54.37027 83 12 12 Geheimrat-Schultz-Weg 10, 24159 Kiel
10.14822 54.3112 79 5 5 Kaiserstr. 41, 24143 Kiel
10.17931 54.33219 76 12 12 Schwentinestr. 22, 24149 Kiel
10.12055 54.40172 88 16 16 Linden-Allee 20, 24161 Altenholz
10.17542 54.26609 77 12 12 Am Teich 5, 24145 Kiel
10.06532 54.27856 87 12 12 Wollbergsredder 20, 24113 Molfsee
10.13218 54.32793 79 1 1 Wilhelminenstr. 12, 24103 Kiel
10.06549 54.31403 86 9 9 Heitholmer Weg 9, 24109 Kiel
10.17769 54.31327 74 9 9 Selenter Str. 17, 24148 Kiel
10.06282 54.26449 77 12 12 Schulberg 2, 24113 Molfsee
10.11928 54.31506 86 3 3 Jeßstr. 18, 24114 Kiel
10.14279 54.30282 82 5 5 Lensahner Str. 11, 24143 Kiel
10.11553 54.33009 75 4 4 Eckernförder Str. 111, 24116 Kiel
10.08727 54.29547 79 9 9 Speckenbeker Weg 112, 24113 Kiel
10.07463 54.33651 85 9 9 Suchsdorfer Weg 1, 24119 Kronshagen
10.07264 54.31382 81 9 9 Am Lindenhof 6, 24109 Kiel
10.14209 54.32426 75 1 1 Burgstr. 2, 24103 Kiel
10.09279 54.3316 80 7 7 Hufenkamp 23, 24119 Kronshagen
10.05319 54.33273 86 12 12 Lofotenweg 99, 24109 Kiel
10.17874 54.39377 87 16 16 Falckensteiner Str. 27, 24159 Kiel
10.20495 54.27725 76 16 16 Zeppelinring 141, 24146 Kiel
10.0734 54.30187 77 10 10 Erlenhorst 18, 24111 Kiel
10.14126 54.30874 90 5 5 Mühlenstr. 12, 24143 Kiel
10.11883 54.32516 75 3 3 Weißenburgstr. 4, 24116 Kiel
10.12764 54.31824 83 2 2 Weberstr. 8, 24103 Kiel
10.08474 54.34664 91 10 10 Siedlung Fernblick 1, 24107 Kiel
10.13771 54.33516 76 3 3 Adolfstr. 38, 24105 Kiel
10.074 54.36141 86 11 11 Nordseestr. 30, 24107 Kiel
10.17546 54.29412 74 10 10 Dornbusch 21, 24146 Kiel
10.13458 54.3833 86 12 12 Stralsunder Weg 3, 24161 Altenholz
10.10444 54.34947 82 7 7 Meyerhofstr. 1, 24106 Kiel
10.04157 54.33977 92 12 12 Rammskrug 8, 24107 Ottendorf
10.13132 54.33561 88 3 3 Waitzstr. 62, 24105 Kiel
10.07387 54.36114 88 11 11 Nordseestr. 7, 24107 Kiel
10.15985 54.29215 83 8 8 Segeberger Landstr. 61, 24145 Kiel
10.15728 54.40363 80 15 15 Dorf 18, 24159 Kiel
10.17225 54.42217 79 18 18 Langenfelde 26, 24159 Kiel
10.13368 54.34011 80 3 3 Holtenauer Str. 160, 24105 Kiel
10.1651 54.27683 82 10 10 Clara-Immerwahr-Str. 7, 24145 Kiel
10.08674 54.31965 85 7 7 Hofholzallee 44, 24109 Kiel
10.12376 54.40083 92 15 15 Linden-Allee 84, 24161 Altenholz
10.17326 54.41389 80 18 18 Graf-Luckner-Str. 18, 24159 Kiel
10.07514 54.32805 86 10 10 Lärchengrund 1, 24119 Kronshagen
10.15899 54.28779 88 10 10 Bonhoeffer-Weg 2, 24145 Kiel
10.13967 54.31233 74 4 4 Werftstr. 200, 24143 Kiel
10.16331 54.31532 85 7 7 Klosterstr. 16, 24148 Kiel
10.0955 54.3497 91 8 8 Grenzweg 22, 24119 Kronshagen
10.0922 54.2968 76 8 8 Speckenbeker Weg 148, 24113 Kiel
10.05197 54.324 85 10 10 Sibeliusweg 1, 24109 Kiel
10.18949 54.26804 75 13 13 Zur Wilsau 1, 24145 Kiel
10.15497 54.40274 87 16 16 Friedrichsruher Weg 233, 24159 Kiel
10.14332 54.33306 77 3 3 Niemannsweg 11, 24105 Kiel
10.17691 54.30465 83 9 9 Ellerbeker Weg 98, 24147 Kiel
10.11319 54.28135 82 10 10 Anemonenweg 23, 24145 Kiel
10.19221 54.27929 80 14 14 Geranienweg 11, 24146 Kiel
10.13311 54.38609 80 12 12 Stifter Allee 21, 24161 Altenholz
10.11099 54.3018 82 6 6 Fröbelstr. 49, 24113 Kiel
10.07598 54.32914 75 8 8 Alte Gärtnerei 7, 24119 Kronshagen
10.18773 54.33111 79 11 11 Quittenstr. 3, 24149 Kiel
10.03958 54.32962 79 12 12 Hochrott 2, 24107 Quarnbek
10.04157 54.33977 83 12 12 Rammskrug 8, 24107 Ottendorf
10.14125 54.31041 85 4 4 Wilhelmstr. 2, 24143 Kiel
10.07437 54.33753 86 9 9 Helene-Lange-Weg 4, 24119 Kronshagen
10.16365 54.31401 81 7 7 Ostring 251, 24148 Kiel
10.12885 54.31983 87 2 2 Wichmannstr. 8, 24103 Kiel
10.17296 54.42106 86 18 18 Langenfelde 34, 24159 Kiel
10.18038 54.40005 85 18 18 Grüffkamp 100, 24159 Kiel
10.12503 54.3321 79 2 2 Hansastr. 4, 24118 Kiel
10.07307 54.35303 87 13 13 Steinberg 44, 24107 Kiel
10.12576 54.35792 79 8 8 Lügumklosterstr. 3, 24106 Kiel
10.12441 54.396 75 14 14 Klintenberg 28, 24161 Altenholz
10.00327 54.34928 87 17 17 Rajensdorfer Weg 4, 24107 Quarnbek
10.16671 54.28633 90 10 10 Kirchenberg 12, 24145 Kiel
10.0695 54.35304 75 14 14 Weiden 1, 24107 Kiel
10.08623 54.35383 87 9 9 Ellerkrug 6, 24107 Kiel
10.08696 54.29655 90 9 9 Seekoppelweg 20, 24113 Kiel
10.12862 54.31902 83 1 1 Prüne 2, 24103 Kiel
10.12759 54.37006 75 12 12 Geheimrat-Schultz-Weg 20, 24159 Kiel
10.14634 54.28387 75 8 8 Hopfenlandsberg 63, 24145 Kiel
10.08467 54.33022 91 7 7 Bürgermeister-Drews-Str. 18, 24119 Kronshagen
9.972 54.32359 92 15 15 Schüttenredder 1, 24107 Quarnbek
10.09131 54.29872 75 8 8 Speckenbeker Weg 152, 24113 Kiel
10.1644 54.39931 76 16 16 Otto-Ernst-Weg 2, 24159 Kiel
10.07232 54.33579 91 8 8 Ottendorfer Weg 2, 24119 Kronshagen
10.14886 54.33466 91 3 3 Reventlouallee 3, 24105 Kiel
10.03337 54.31614 77 10 10 Rothenberg 4, 24109 Melsdorf
10.05331 54.26798 81 14 14 Poggenkrugsweg 28, 24113 Molfsee
10.07291 54.3267 80 9 9 Platanenring 41, 24119 Kronshagen
10.13067 54.36007 82 8 8 Holtenauer Str. 364, 24106 Kiel
10.06996 54.3047 77 13 13 Am Blöcken 72, 24111 Kiel
10.17248 54.27129 90 11 11 Zum Forst 7, 24145 Kiel
10.12148 54.39609 79 14 14 Buschberg 2, 24161 Altenholz
10.13318 54.30637 75 3 3 Bahnhofstr. 29, 24143 Kiel
10.0647 54.31487 77 11 11 Stamper Weg 1, 24109 Kiel
10.1989 54.28537 75 12 12 Sonthofener Str. 2, 24146 Kiel
10.13276 54.28761 81 6 6 Kieler Weg 176, 24145 Kiel
10.17466 54.4189 86 18 18 Gaffelweg 14, 24159 Kiel
10.05737 54.30115 80 10 10 Ihlkatenweg 1, 24111 Kiel
10.06867 54.31517 75 9 9 Haßloh 1, 24109 Kiel
10.12189 54.28259 80 9 9 Lütt Steenbusch 23, 24145 Kiel
10.12895 54.3343 92 3 3 Alsenstr. 2, 24118 Kiel
10.06142 54.26335 86 13 13 Schulstr. 7, 24113 Molfsee
10.11623 54.32741 80 4 4 Geibelplatz 10, 24116 Kiel
10.0542 54.30245 79 9 9 Rendsburger Landstr. 456, 24111 Kiel
10.11202 54.30233 91 5 5 Fröbelstr. 15, 24113 Kiel
10.08957 54.35546 91 10 10 Schneiderkamp 18, 24107 Kiel
10.09911 54.33216 81 6 6 Hasselkamp 111, 24119 Kronshagen
10.10879 54.30152 82 6 6 Hamburger Chaussee 149, 24113 Kiel
10.05645 54.31641 87 10 10 Königsförder Weg 22, 24109 Kiel
10.12466 54.32294 83 2 2 Möllingstr. 16, 24103 Kiel
10.13242 54.28992 88 6 6 Bogenstr. 7, 24145 Kiel
10.11754 54.33249 81 3 3 Gutenbergstr. 70, 24118 Kiel
10.13886 54.32936 92 2 2 Feldstr. 6, 24105 Kiel
10.14239 54.32767 80 2 2 Brunswiker Str. 10, 24105 Kiel
10.11922 54.37112 79 12 12 Friedrich-Voß-Ufer 63, 24161 Altenholz
10.12234 54.32894 83 4 4 Schiller-Str. 15, 24116 Kiel
10.11324 54.30518 82 5 5 Schleswiger Str. 9, 24113 Kiel
10.14119 54.30204 86 5 5 Theodor-Heuss-Ring 137, 24143 Kiel
10.13005 54.35495 81 6 6 Elendsredder 4, 24106 Kiel
10.055 54.33366 83 12 12 Lofotenweg 192, 24109 Kiel
10.11202 54.30233 79 5 5 Fröbelstr. 15, 24113 Kiel
10.21608 54.32843 80 13 13 Am Mondspiegel 4, 24149 Kiel
10.10581 54.32878 88 5 5 Dehnckestr. 5, 24116 Kiel
10.07796 54.36453 83 11 11 Hiddenseer Weg 2, 24107 Kiel
10.13659 54.35966 81 10 10 Arkonastr. 8, 24106 Kiel
10.16821 54.30038 90 8 8 Großer Kamp 63, 24147 Kiel
10.16561 54.3098 86 8 8 Sören 15, 24148 Kiel
10.13023 54.38408 86 13 13 Posener Str. 9, 24161 Altenholz
10.09458 54.32893 74 5 5 Kieler Str. 2, 24119 Kronshagen
10.16471 54.41013 80 16 16 Schilkseer Str. 61, 24159 Kiel
10.07744 54.3 76 9 9 Am Seeufer 1, 24111 Kiel
10.13441 54.34454 77 5 5 Kleiststr. 15, 24105 Kiel
10.10955 54.36129 75 9 9 Wiesenweg 1, 24106 Kiel
10.13872 54.27943 87 8 8 Barkauer Str. 113, 24145 Kiel
10.07655 54.30832 91 11 11 Grünauzeile 1, 24111 Kiel
10.16317 54.27818 80 10 10 Edisonstr. 25, 24145 Kiel
10.13359 54.38884 86 13 13 Elbinger Weg 79, 24161 Altenholz
10.05661 54.33156 90 11 11 Hammerfestweg 2, 24109 Kiel
10.16237 54.38939 92 15 15 Fritz-Reuter-Str. 20, 24159 Kiel
10.14207 54.30482 92 5 5 Hofstr. 34, 24143 Kiel
10.12377 54.33 90 4 4 Schiller-Str. 22, 24116 Kiel
10.05164 54.31263 91 11 11 Korsörweg 29, 24109 Kiel
10.19903 54.33314 85 13 13 Alfons-Huysmans-Ring 95, 24149 Kiel
10.19381 54.33508 91 12 12 Gießkannenweg 1, 24149 Kiel
10.1576 54.28919 81 9 9 Goerdelerring 1, 24145 Kiel
10.13503 54.38909 82 13 13 Elbinger Weg 66, 24161 Altenholz
10.16944 54.39481 79 17 17 Gorch-Fock-Str. 14, 24159 Kiel
10.07575 54.27694 88 12 12 Rammsmoor 21, 24113 Molfsee
10.08295 54.30284 91 9 9 Redderkamp 105, 24111 Kiel
10.16539 54.32259 83 8 8 Marienstr. 5, 24148 Kiel
10.1294 54.36472 92 9 9 Timmerberg 22, 24106 Kiel
10.08166 54.30301 74 11 11 Rudowweg 3, 24111 Kiel
10.10006 54.30802 90 7 7 Altenrade 1, 24113 Kiel
10.20173 54.335 83 13 13 Ristblick 1, 24149 Kiel
10.14203 54.36987 75 12 12 Kanalstr. 37, 24159 Kiel
10.12483 54.28146 86 8 8 Bustorfer Weg 66, 24145 Kiel
10.09799 54.36406 88 11 11 Am Tannenberg 85, 24106 Kiel
10.1244 54.31449 88 2 2 Harmsstr. 28, 24114 Kiel
10.21569 54.32716 90 13 13 Ulmenweg 41, 24149 Kiel
10.16487 54.3951 76 15 15 Ringelnatzstr. 33, 24159 Kiel
10.1434 54.30151 80 5 5 Theodor-Heuss-Ring 140, 24143 Kiel
10.14022 54.32157 87 0 0 Wall 30, 24103 Kiel
10.11436 54.31627 82 3 3 Lutherstr. 29, 24114 Kiel
10.16684 54.42138 81 18 18 Schilkseer Str. 165, 24159 Kiel
10.07953 54.35292 80 10 10 Holmredder 5, 24107 Kiel
10.14198 54.30734 83 4 4 Preetzer Str. 14, 24143 Kiel
10.18731 54.33956 80 12 12 Hermannstr. 5, 24149 Kiel
10.1748 54.41806 79 18 18 Funkstellenweg 32, 24159 Kiel
10.13818 54.33815 81 4 4 Adolfplatz 8, 24105 Kiel
10.14535 54.33865 91 4 4 Moltkestr. 28, 24105 Kiel
10.13836 54.28097 88 8 8 Drosselstieg 1, 24145 Kiel
10.10644 54.35693 85 9 9 Charles-Roß-Ring 48, 24106 Kiel
10.02157 54.31568 86 10 10 Dorfstr. 78, 24109 Melsdorf
10.16447 54.31565 81 7 7 Grabastr. 3, 24148 Kiel
10.17784 54.34411 86 14 14 Zum Kesselort 53, 24149 Kiel
10.12388 54.30236 80 4 4 Alte Eichen 21, 24113 Kiel
10.15608 54.4036 87 16 16 Dorf 1, 24159 Kiel
10.17914 54.32998 91 11 11 Grenzstr. 1, 24149 Kiel
10.16676 54.40303 76 15 15 Redderkoppel 1, 24159 Kiel
10.1239 54.40619 91 16 16 Klausdorfer Str. 123, 24161 Altenholz
10.21241 54.31986 85 14 14 Kiebitzbek 16, 24149 Kiel
10.17399 54.31897 90 9 9 Stille Gasse 2, 24148 Kiel
10.13476 54.35691 87 7 7 Adalbertstr. 4, 24106 Kiel
10.18239 54.33316 82 11 11 Klein-Ebbenkamp 2, 24149 Kiel
10.132 54.37212 81 11 11 Gravensteiner Str. 37, 24159 Kiel
10.1478 54.31361 76 5 5 Elisabethstr. 38, 24143 Kiel
10.14281 54.37379 80 12 12 Richthofenstr. 2, 24159 Kiel
10.06695 54.31398 83 9 9 Heitholmer Weg 1, 24109 Kiel
10.18124 54.32554 85 10 10 Schönberger Str. 52, 24148 Kiel
10.12237 54.30589 79 3 3 Krusenrotter Weg 2, 24113 Kiel
10.03326 54.31685 83 10 10 Am Dom 13, 24109 Melsdorf
10.08528 54.36213 90 11 11 Sukoring 53, 24107 Kiel
10.10516 54.35572 91 9 9 Steenbeker Weg 58, 24106 Kiel
10.19629 54.33653 90 12 12 Masurenring 11, 24149 Kiel
10.11877 54.32115 86 2 2 Chemnitzstr. 4, 24114 Kiel
10.05543 54.30202 76 10 10 Rendsburger Landstr. 445, 24111 Kiel
10.1848 54.29238 82 9 9 Trautenauer Weg 2, 24146 Kiel
10.12383 54.32545 77 3 3 Sternstr. 3, 24103 Kiel
10.07877 54.33782 85 9 9 Suchsdorfer Weg 20, 24119 Kronshagen
10.13855 54.38627 90 12 12 Stegeltor 12, 24161 Altenholz
10.18291 54.33651 76 12 12 Heikendorfer Weg 96, 24149 Kiel
10.13091 54.36923 74 12 12 Mählsweg 40, 24159 Kiel
10.07692 54.32983 81 8 8 Im Moorgrund 1, 24119 Kronshagen
10.07868 54.36459 91 12 12 Hiddenseer Weg 11, 24107 Kiel
10.11483 54.35887 87 8 8 Projensdorfer Str. 181, 24106 Kiel
10.02948 54.31548 80 10 10 dorfplatz 1, 24109 Melsdorf
10.11238 54.29365 80 8 8 Brüggerfelde 2, 24113 Kiel
10.17536 54.39107 82 15 15 Christianspries 5, 24159 Kiel
10.12881 54.28312 90 7 7 Vörstkoppel 1, 24145 Kiel
10.13263 54.38246 88 13 13 Breslauer Str. 7, 24161 Altenholz
10.11095 54.33387 92 4 4 Eckernförder Str. 161, 24116 Kiel
10.09414 54.31086 91 7 7 Uhlenkrog 38, 24113 Kiel
10.09935 54.30716 86 6 6 Hasseer Str. 10, 24113 Kiel
10.1281 54.38473 91 14 14 Posener Str. 33, 24161 Altenholz
10.14054 54.28111 83 9 9 Hopfenlandsberg 13, 24145 Kiel
10.13504 54.34656 82 6 6 Düvelsbeker Weg 12, 24105 Kiel
10.17866 54.29549 74 9 9 Rüsterstr. 44, 24146 Kiel
10.19195 54.32484 75 11 11 Passader Str. 16, 24148 Kiel
10.13365 54.32217 74 1 1 Fleethörn 26, 24103 Kiel
10.14442 54.33179 77 3 3 Schwanenweg 24, 24105 Kiel
10.12065 54.31278 77 3 3 Kreienbarg 3, 24114 Kiel
10.12197 54.30397 88 5 5 Krusenrotter Weg 35, 24113 Kiel
10.11628 54.35473 86 8 8 Moorkamp 1, 24106 Kiel
10.19773 54.27786 76 14 14 Am Wellsee 164, 24146 Kiel
10.12742 54.40228 82 16 16 Ebereschenweg 33, 24161 Altenholz
10.13184 54.28842 91 6 6 Kieler Weg 179, 24145 Kiel
10.0288 54.31411 86 10 10 Am Dörpsdiek 35, 24109 Melsdorf
10.13848 54.30858 88 4 4 Werftstr. 243, 24143 Kiel
10.10775 54.32864 87 4 4 Sedanstr. 16, 24116 Kiel
10.07013 54.31748 83 8 8 Im Waldwinkel 21, 24109 Kiel
10.12219 54.32275 90 2 2 Stephan-Heinzel-Str. 7, 24103 Kiel
10.10045 54.30594 83 6 6 Gärtnerstr. 34, 24113 Kiel
10.18853 54.27546 80 13 13 Hof Kroog 2, 24146 Kiel
10.10267 54.36377 80 12 12 Am Tannenberg 86, 24106 Kiel
10.19552 54.2961 87 10 10 Klosterweg 10, 24146 Kiel
10.07797 54.35779 85 12 12 Amrumring 16, 24107 Kiel
10.10746 54.36397 82 10 10 Projensdorfer Str. 251, 24106 Kiel
10.07817 54.2835 87 10 10 Im Wiesengrund 17, 24113 Molfsee
10.17727 54.39087 86 16 16 Falklandstr. 1, 24159 Kiel
9.98701 54.34298 74 17 17 Sledenbarg 1, 24107 Quarnbek
10.139 54.32445 90 1 1 Klosterkirchhof 10, 24103 Kiel
10.19653 54.27624 90 14 14 Sprosserpfad 17, 24146 Kiel
10.13359 54.38884 86 13 13 Elbinger Weg 79, 24161 Altenholz
10.17763 54.32391 90 10 10 Danziger Str. 2, 24148 Kiel
10.07608 54.36577 79 12 12 Ostseestr. 113, 24107 Kiel
10.10143 54.34855 85 8 8 Jacobystr. 1, 24106 Kiel
10.06601 54.27992 79 12 12 Wollbergsredder 18, 24113 Molfsee
10.0697 54.32467 74 8 8 Skandinaviendamm 203, 24109 Kiel
10.16068 54.2862 81 10 10 Kreisauer Ring 103, 24145 Kiel
10.13254 54.38884 79 14 14 Tilsiter Weg 62, 24161 Altenholz
10.03396 54.32107 75 11 11 Kählenweg 6, 24109 Melsdorf
10.12677 54.32704 81 2 2 Humboldtstr. 4, 24116 Kiel
10.1407 54.28791 77 7 7 Poppenbrügger Weg 34, 24145 Kiel
10.06708 54.27717 80 12 12 Osterberg 14, 24113 Molfsee
10.08065 54.33638 85 9 9 Holländerey 12, 24119 Kronshagen
10.13994 54.33112 80 3 3 Feldstr. 10, 24105 Kiel
10.10066 54.36865 81 11 11 Stadtparkweg 18, 24106 Kiel
10.01625 54.33973 79 15 15 Petersilienweg 2, 24107 Quarnbek
10.03965 54.34368 83 13 13 Zum Wasserblöcken 16, 24107 Ottendorf
10.08437 54.30188 90 9 9 Redderkamp 120, 24111 Kiel
10.08644 54.33132 87 6 6 Kieler Str. 66, 24119 Kronshagen
10.12233 54.31467 83 3 3 Papenkamp 29, 24114 Kiel
10.158 54.39602 87 15 15 Bachweg 2, 24159 Kiel
10.1638 54.30938 79 9 9 Röhbarg 23, 24148 Kiel
10.1417 54.32329 90 0 0 Eggerstedtstr. 12, 24103 Kiel
10.18587 54.33875 82 12 12 Georgstr. 61, 24149 Kiel
10.19676 54.2801 85 16 16 Rohrsängerweg 62, 24146 Kiel
10.10836 54.32125 80 4 4 Robert-Koch-Str. 1, 24116 Kiel
10.18637 54.29562 77 10 10 Preetzer Chaussee 200, 24146 Kiel
10.17353 54.41207 91 19 19 Delphinweg 7, 24159 Kiel
10.15397 54.33712 91 3 3 Düsternbrooker Weg 104, 24105 Kiel
10.07381 54.30562 79 11 11 Havelzeile 1, 24111 Kiel
10.19466 54.2938 80 12 12 Hahnbusch 29, 24146 Kiel
10.13763 54.33883 92 4 4 Wilhelmshavener Str. 2, 24105 Kiel
10.14667 54.3411 81 6 6 Sternwartenweg 32, 24105 Kiel
10.11651 54.32503 80 3 3 Wörthstr. 25, 24116 Kiel
10.06166 54.26233 76 13 13 Möwenstr. 9, 24113 Molfsee
10.16231 54.3907 88 15 15 Samlandweg 1, 24159 Kiel
10.1958 54.33393 90 12 12 Solomit 1, 24149 Kiel
10.13639 54.32885 90 2 2 Brunswiker Str. 46, 24105 Kiel
10.0802 54.36244 86 10 10 Hohnbargsredder 1, 24107 Kiel
10.12663 54.32382 85 2 2 Jungfernstieg 2, 24103 Kiel
10.04703 54.34293 81 14 14 Kanalweg 13, 24107 Ottendorf
10.16268 54.31704 83 7 7 Kleine Ziegelstr. 6, 24148 Kiel
10.1447 54.34162 82 5 5 Moltkestr. 68, 24105 Kiel
10.15882 54.39581 82 15 15 Brahmsweg 19, 24159 Kiel
10.07785 54.36382 80 13 13 Wolliner Weg 1, 24107 Kiel
10.12398 54.39659 92 14 14 Klintenberg 52, 24161 Altenholz
10.07861 54.36347 86 11 11 Wolliner Weg 14, 24107 Kiel
10.16158 54.39574 81 15 15 Ottomar-Enking-Str. 71, 24159 Kiel
10.04901 54.31758 77 11 11 Randersstr. 19, 24109 Kiel
10.19483 54.32901 77 10 10 Schönkirchener Str. 48, 24149 Kiel
10.09644 54.33163 79 6 6 Am Gartenheim 18, 24119 Kronshagen
10.17762 54.29739 90 8 8 Ellerbeker Weg 10, 24147 Kiel
10.13588 54.33918 80 4 4 Wrangelstr. 52, 24105 Kiel
10.17806 54.31307 80 9 9 Selenter Str. 19, 24148 Kiel
10.09316 54.34899 76 7 7 Eckernförder Str. 334, 24107 Kronshagen
10.13283 54.38373 81 12 12 Kolberger Weg 1, 24161 Altenholz
10.13082 54.3198 92 1 1 Ziegelteich 17, 24103 Kiel
10.21502 54.32392 88 13 13 Ulmenweg 2, 24149 Kiel
10.14652 54.3161 74 6 6 Sandkrug 28, 24143 Kiel
10.13939 54.33936 90 4 4 Wrangelstr. 28, 24105 Kiel
10.05758 54.34243 88 11 11 Kiewittsholm 9, 24107 Ottendorf
10.11613 54.35821 82 8 8 Projensdorfer Str. 180, 24106 Kiel
10.1337 54.33907 79 3 3 Holtenauer Str. 152, 24105 Kiel
10.12318 54.33476 88 4 4 Westring 343, 24118 Kiel
10.19891 54.28741 75 12 12 Allgäuer Str. 1, 24146 Kiel
10.11586 54.32661 77 4 4 Westring 267, 24116 Kiel
10.06702 54.28029 92 12 12 Wollbergsredder 21, 24113 Molfsee
10.10045 54.30594 79 6 6 Gärtnerstr. 34, 24113 Kiel
10.06039 54.31633 77 9 9 Mettenhofer Weg 6, 24109 Kiel
10.19551 54.29365 85 12 12 Hahnbusch 39, 24146 Kiel
10.07833 54.27969 81 10 10 Alte Ziegelei 2, 24113 Molfsee
10.17401 54.3091 86 9 9 Wohldkoppel 39, 24148 Kiel
10.14191 54.37342 76 12 12 Hünefeldstr. 1, 24159 Kiel
10.18411 54.28883 75 10 10 Kiefkamp 5, 24146 Kiel
10.18318 54.33108 76 11 11 Eekberg 7, 24149 Kiel
10.07204 54.28163 77 11 11 Rammseer Weg 57, 24113 Molfsee
10.07274 54.30202 88 10 10 Erlenhorst 21, 24111 Kiel
10.02421 54.31545 81 10 10 Dorfstr. 64, 24109 Melsdorf
10.1589 54.39533 76 15 15 Beethovenweg 13, 24159 Kiel
10.12759 54.30092 85 5 5 Schwanebeckstr. 1, 24113 Kiel
10.12707 54.35814 86 7 7 Hohenrade 15, 24106 Kiel
10.16833 54.39539 88 16 16 Fritz-Reuter-Str. 85, 24159 Kiel
10.16685 54.2916 87 9 9 Kölenberg 59, 24145 Kiel
